게임구매번호	회원번호	게임번호	구매가격	구매날짜
1	20	38	43000	2022-05-01
2	11	18	21000	2022-05-02
3	7	22	27000	2022-05-03
4	15	38	43000	2022-05-03
5	19	17	65000	2022-05-03
6	13	5	0	2022-05-04
7	11	31	16000	2022-05-04
8	16	31	16000	2022-05-04
9	1	13	0	2022-05-04
10	13	22	27000	2022-05-06
11	3	38	43000	2022-05-06
12	18	31	16000	2022-05-06
13	20	33	29900	2022-05-06
14	12	32	45000	2022-05-08
15	7	17	65000	2022-05-08
16	17	2	0	2022-05-09
17	10	33	29900	2022-05-09
18	9	28	26000	2022-05-10
19	5	9	46000	2022-05-12
20	12	21	49800	2022-05-12
21	11	13	0	2022-05-12
22	1	34	0	2022-05-13
23	5	19	43800	2022-05-14
24	13	29	36000	2022-05-15
25	15	35	0	2022-05-15
26	9	35	0	2022-05-16
27	13	1	0	2022-05-16
28	3	7	33000	2022-05-17
29	11	30	0	2022-05-18
30	5	18	21000	2022-05-19
31	12	4	0	2022-05-19
32	19	9	46000	2022-05-19
33	14	20	31000	2022-05-19
34	7	21	49800	2022-05-21
35	3	39	65000	2022-05-21
36	17	34	0	2022-05-21
37	3	14	66000	2022-05-22
38	8	7	33000	2022-05-23
39	10	22	27000	2022-05-23
40	3	15	10500	2022-05-24
41	9	26	66800	2022-05-24
42	4	2	0	2022-05-24
43	7	2	0	2022-05-24
44	5	27	68800	2022-05-26
45	11	24	15500	2022-05-26
46	4	35	0	2022-05-27
47	9	30	0	2022-05-27
48	5	28	26000	2022-05-29
49	19	26	66800	2022-05-30
50	16	3	34900	2022-05-30
51	5	4	0	2022-05-31
52	17	1	0	2022-05-31
53	8	17	65000	2022-06-03
54	3	17	65000	2022-06-04
55	13	34	0	2022-06-04
56	10	29	36000	2022-06-05
57	9	20	31000	2022-06-05
58	7	25	0	2022-06-05
59	3	4	0	2022-06-06
60	7	7	33000	2022-06-06
61	4	14	66000	2022-06-07
62	14	19	43800	2022-06-07
63	13	25	0	2022-06-07
64	6	19	43800	2022-06-08
65	8	25	0	2022-06-08
66	7	27	68800	2022-06-09
67	16	26	66800	2022-06-09
68	18	39	65000	2022-06-09
69	14	18	21000	2022-06-10
70	1	19	43800	2022-06-10
71	6	20	31000	2022-06-10
72	12	24	15500	2022-06-12
73	9	4	0	2022-06-14
74	17	9	46000	2022-06-14
75	2	8	22500	2022-06-14
76	1	12	66000	2022-06-14
77	7	6	64800	2022-06-16
78	7	10	0	2022-06-16
79	20	28	26000	2022-06-17
80	18	24	15500	2022-06-17
81	10	2	0	2022-06-18
82	10	9	46000	2022-06-20
83	19	29	36000	2022-06-20
84	12	3	34900	2022-06-20
85	1	8	22500	2022-06-21
86	2	12	66000	2022-06-21
87	11	34	0	2022-06-23
88	15	24	15500	2022-06-23
89	6	10	0	2022-06-24
90	14	23	10500	2022-06-25
91	13	12	66000	2022-06-25
92	11	36	31000	2022-06-26
93	9	17	65000	2022-06-26
94	17	25	0	2022-06-26
95	20	25	0	2022-06-26
96	14	27	68800	2022-06-27
97	11	6	64800	2022-06-29
98	11	25	0	2022-07-01
99	17	40	59900	2022-07-01
100	11	20	31000	2022-07-02
101	13	37	48750	2022-07-03
102	6	1	0	2022-07-04
103	1	10	0	2022-07-04
104	15	36	31000	2022-07-05
105	11	37	48750	2022-07-05
106	12	16	22000	2022-07-07
107	9	16	22000	2022-07-09
108	5	14	66000	2022-07-10
109	8	3	34900	2022-07-11
110	7	28	26000	2022-07-13
111	15	40	59900	2022-07-13
112	4	4	0	2022-07-14
113	6	35	0	2022-07-14
114	19	23	10500	2022-07-14
115	7	11	54000	2022-07-14
116	12	15	10500	2022-07-15
117	12	31	16000	2022-07-15
118	13	24	15500	2022-07-17
119	6	6	64800	2022-07-18
120	19	4	0	2022-07-18
121	15	27	68800	2022-07-19
122	20	27	68800	2022-07-19
123	5	2	0	2022-07-19
124	12	33	29900	2022-07-20
125	1	17	65000	2022-07-21
126	19	13	0	2022-07-21
127	5	32	45000	2022-07-22
128	5	12	66000	2022-07-22
129	13	18	21000	2022-07-23
130	16	29	36000	2022-07-23
131	4	27	68800	2022-07-24
132	16	10	0	2022-07-24
133	7	13	0	2022-07-24
134	8	37	48750	2022-07-24
135	8	15	10500	2022-07-26
136	1	33	29900	2022-07-26
137	20	21	49800	2022-07-27
138	18	28	26000	2022-07-28
139	7	19	43800	2022-07-30
140	9	19	43800	2022-07-30
141	1	31	16000	2022-07-30
142	18	1	0	2022-07-31
143	14	26	66800	2022-08-01
144	8	28	26000	2022-08-02
145	15	9	46000	2022-08-03
146	11	2	0	2022-08-04
147	7	15	10500	2022-08-06
148	10	27	68800	2022-08-06
149	15	8	22500	2022-08-06
150	3	11	54000	2022-08-06
151	2	25	0	2022-08-07
152	9	14	66000	2022-08-08
153	13	30	0	2022-08-08
154	9	21	49800	2022-08-09
155	12	19	43800	2022-08-09
156	18	20	31000	2022-08-09
157	5	10	0	2022-08-09
158	6	11	54000	2022-08-09
159	9	40	59900	2022-08-09
160	14	12	66000	2022-08-10
161	18	25	0	2022-08-10
162	5	23	10500	2022-08-11
163	10	7	33000	2022-08-12
164	12	30	0	2022-08-12
165	1	39	65000	2022-08-13
166	4	39	65000	2022-08-13
167	1	38	43000	2022-08-14
168	20	23	10500	2022-08-14
169	8	33	29900	2022-08-14
170	3	1	0	2022-08-16
171	19	10	0	2022-08-17
172	17	35	0	2022-08-18
173	17	7	33000	2022-08-18
174	13	20	31000	2022-08-18
175	3	12	66000	2022-08-18
176	20	13	0	2022-08-18
177	15	22	27000	2022-08-20
178	10	39	65000	2022-08-20
179	3	29	36000	2022-08-24
180	4	32	45000	2022-08-26
181	4	30	0	2022-08-26
182	6	39	65000	2022-08-26
183	2	37	48750	2022-08-26
184	2	11	54000	2022-08-26
185	4	37	48750	2022-08-26
186	15	5	0	2022-08-27
187	20	16	22000	2022-08-27
188	20	36	31000	2022-08-27