번호	회원번호	카드번호
1	18	17
2	3	13
3	3	33
4	19	21
5	15	32
6	14	36
7	7	35
8	19	17
9	17	29
10	15	10
11	4	6
12	14	22
13	14	17
14	16	1
15	3	19
16	10	9
17	10	20
18	1	18
19	15	29
20	12	23
21	2	1
22	18	1
23	17	10
24	7	36
25	11	4
26	5	19
27	5	18
28	11	9
29	5	3
30	1	17
31	12	19
32	20	8
33	5	23
34	19	2
35	12	25
36	14	34
37	2	23
38	19	26
39	4	32
40	3	30
41	1	21
42	3	3
43	7	9
44	2	7
45	3	24
46	3	10
47	17	29
48	9	10
49	2	16
50	3	31
51	5	36
52	12	1
53	13	2
54	6	24
55	19	4
56	12	4
57	8	28
58	7	21
59	20	1
60	2	36
61	8	7
62	8	18
63	5	24
64	18	27
65	11	15
66	11	19
67	19	33
68	2	21
69	14	26
70	2	1
71	3	2
72	13	21
73	5	13
74	18	31
75	11	18
76	11	21
77	3	4
78	6	18
79	7	18
80	9	8
81	1	28
82	13	20
83	2	22
84	15	15
85	12	2
86	5	27
87	14	25
88	7	23
89	18	10
90	16	24
91	12	13
92	12	21
93	14	31
94	17	20
95	7	6
96	6	11
97	12	30
98	16	1
99	13	8
100	9	29
101	15	1
102	16	26
103	5	21
104	10	11
105	15	4
106	12	31
107	19	32
108	11	12
109	15	17
110	8	13
111	11	10
112	3	1
113	9	32
114	7	4
115	11	12
116	3	14
117	17	16
118	3	29
119	14	26
120	13	26
121	13	16
122	15	28
123	19	15
124	13	21
125	7	18
126	12	17
127	13	36
128	6	1
129	3	26
130	16	23
131	19	35
132	7	25
133	7	23
134	15	19
135	17	9
136	12	15
137	13	18
138	18	2
139	16	22
140	17	36
141	15	33
142	14	32
143	6	8
144	4	34
145	20	36
146	11	7
147	9	13
148	2	5
149	15	2
150	18	25
151	13	31
152	19	30
153	4	34
154	19	18
155	18	34
156	19	6
157	6	34
158	4	16
159	5	1
160	1	22
161	3	2
162	8	24
163	9	34
164	18	18
165	1	36
166	19	36
167	19	34
168	16	10
169	14	19
170	13	6
171	15	3
172	18	14
173	17	27
174	15	32
175	15	12
176	4	18
177	8	5
178	20	35
179	2	4
180	7	15
181	3	15
182	14	9
183	8	31
184	19	17
185	18	35
186	2	8
187	2	18
188	20	26
189	18	17
190	9	11
191	13	26
192	9	6
193	13	13
194	1	10
195	1	11
196	4	34
197	12	3
198	7	7
199	13	27
200	11	15
201	8	1
202	3	32
203	19	15
204	14	23
205	12	20
206	7	4
207	5	27
208	9	14
209	3	1
210	8	30
211	3	13
212	6	13
213	20	5
214	12	13
215	16	29
216	6	19
217	8	24
218	3	24
219	12	20
220	19	14
221	12	17
222	16	33
223	5	7
224	14	18
225	12	29
226	12	4
227	7	34
228	17	7
229	1	9
230	10	8
231	2	10
232	4	26
233	14	12
234	18	32
235	16	9
236	7	10
237	19	10
238	16	13
239	10	33
240	15	33
241	15	4
242	16	19
243	18	15
244	15	32
245	7	36
246	7	22
247	5	6
248	11	36
249	9	20
250	13	3
251	17	11
252	6	16
253	15	31
254	20	22
255	12	29
256	17	1
257	17	23
258	7	4
259	8	33
260	13	25
261	13	10
262	19	36
263	14	26
264	6	1
265	13	29
266	15	36
267	19	31
268	10	25
269	20	30
270	12	5
271	16	8
272	20	20
273	12	12
274	16	16
275	7	27
276	15	16
277	16	28
278	17	14
279	20	11
280	4	23
281	11	13
282	5	23
283	11	36
284	11	29
285	2	5
286	7	9
287	15	5
288	6	30
289	2	35
290	3	14
291	8	21
292	10	6
293	5	34
294	6	20
295	20	9
296	14	19
297	3	32
298	17	24
299	4	20
300	19	35
301	9	15
302	13	30
303	20	25
304	7	8
305	17	19
306	13	24
307	18	12
308	14	20
309	17	34
310	6	8
311	2	24
312	14	1
313	10	4
314	5	12
315	11	6
316	11	12
317	17	1
318	13	4
319	10	2
320	17	31
321	20	25
322	10	14
323	11	8
324	15	1
325	14	21
326	1	16
327	11	6
328	15	12
329	9	4
330	7	3
331	5	27
332	2	27
333	1	24
334	5	13
335	11	35
336	20	22
337	5	19
338	10	2
339	10	30
340	4	28
341	1	31
342	9	8
343	16	2
344	15	4
345	14	18
346	10	3
347	15	31
348	6	31
349	2	17
350	15	27
351	6	7
352	6	27
353	7	29
354	13	8
355	8	27
356	5	35
357	12	31
358	12	16
359	9	16
360	9	35
361	12	21
362	14	5
363	1	8
364	2	17
365	16	4
366	20	4
367	4	8
368	17	15
369	4	3
370	11	34
371	10	25
372	10	29
373	4	32
374	3	31
375	2	6
376	20	21
377	12	21
378	19	24
379	8	15
380	2	3
381	1	6
382	7	32
383	11	27
384	4	9
385	9	3
386	2	4
387	17	1
388	6	34
389	4	33
390	17	32
391	13	15
392	1	1
393	15	32
394	4	7
395	19	10
396	19	30
397	7	24
398	13	29
399	9	2
400	6	23
401	17	31
402	8	14
403	16	10
404	6	17
405	3	33
406	19	30
407	8	8
408	16	13
409	19	25
410	17	33
411	11	13
412	2	1
413	9	33
414	7	14
415	8	33
416	6	32
417	18	7
418	11	16
419	9	22
420	9	12
421	13	6
422	16	8
423	13	7
424	10	31
425	14	18
426	8	16
427	17	7
428	8	17
429	14	28
430	8	22
431	4	29
432	2	2
433	20	15
434	3	15
435	5	12
436	14	5
437	1	26
438	17	13
439	3	11
440	17	33
441	5	13
442	17	22
443	2	31
444	16	26
445	9	5
446	17	20
447	3	10
448	20	22
449	10	22
450	2	14
451	2	24
452	13	19
453	3	24
454	16	14
455	6	35
456	3	5
457	7	5
458	16	9
459	8	32
460	11	4
461	13	12
462	9	2
463	6	30
464	16	32
465	20	13
466	8	3
467	11	25
468	14	17
469	5	33
470	20	32
471	6	24
472	6	26
473	8	36
474	3	29
475	17	19
476	15	21
477	14	31
478	18	32
479	8	31
480	3	5
481	15	13
482	19	11
483	5	15
484	1	17
485	1	8
486	14	18
487	4	35
488	15	25
489	8	12
490	10	10
491	11	35
492	1	16
493	7	28
494	4	23
495	18	32
496	19	5
497	10	18
498	7	26
499	1	2
500	6	19
501	20	28
502	10	33
503	15	10
504	1	33
505	16	2
506	5	13
507	9	2
508	15	31
509	11	12
510	16	6
511	9	23
512	12	26
513	6	21
514	13	12
515	19	32
516	19	31
517	2	17
518	10	14
519	15	20
520	13	10
521	8	31
522	15	23
523	18	35
524	4	2
525	10	11
526	6	16
527	4	28
528	13	5
529	19	10
530	18	4
531	5	4
532	8	1
533	4	29
534	19	1
535	18	21
536	8	29
537	16	1
538	12	26
539	18	33
540	14	8
541	15	34
542	6	26
543	4	8
544	18	17
545	12	26
546	12	1
547	2	4
548	2	27
549	15	35
550	15	7
551	7	32
552	17	1
553	18	1
554	20	36
555	3	1
556	10	31
557	11	27
558	9	5
559	2	11
560	3	29
561	8	1
562	2	15
563	8	15
564	18	19
565	1	4
566	3	25
567	11	13
568	2	24
569	17	23
570	5	9
571	8	19
572	8	13
573	12	14
574	4	7
575	3	28
576	16	6
577	12	7
578	7	23
579	13	19
580	18	20
581	13	30
582	10	16
583	18	12
584	19	31
585	3	23
586	2	31
587	2	36
588	14	15
589	7	3
590	15	33
591	16	6
592	13	31
593	1	6
594	20	6
595	5	23
596	15	2
597	17	20
598	7	7
599	11	32
600	10	24
601	1	5
