f_no	u_no	b_no	f_amount	f_quantity
1	1	22	2048	32
2	1	30	4380	40
3	1	14	3384	29
4	1	7	705	24
5	1	1	1072	32
6	1	18	1359	36
7	1	23	4734	39
8	1	5	4851	35
9	1	9	4506	31
10	1	31	4268	21
11	1	19	943	36
12	1	29	4903	22
13	1	4	4327	24
14	1	33	1150	37
15	1	12	1024	21
16	1	34	4202	38
17	1	3	2994	29
18	1	24	1228	21
19	1	17	3710	31
20	2	25	2690	28
21	2	21	1341	30
22	2	5	1746	28
23	2	11	935	37
24	2	33	4223	30
25	2	24	916	33
26	2	31	3315	23
27	2	14	690	21
28	2	32	2080	35
29	2	8	1114	35
30	2	13	3733	37
31	2	10	522	21
32	2	7	3685	40
33	2	26	1434	33
34	2	23	3407	31
35	2	1	4653	33
36	2	19	1761	40
37	3	31	1762	23
38	3	25	2107	26
39	3	30	3214	34
40	3	5	2559	39
41	3	24	1838	27
42	3	9	1787	21
43	3	32	1400	37
44	3	27	963	28
45	3	10	2783	20
46	3	21	2826	20
47	3	26	2282	25
48	3	14	2399	34
49	3	2	1421	33
50	3	23	3870	30
51	3	29	3765	40
52	3	8	2055	34
53	3	33	568	35
54	3	20	1878	24
55	3	11	2792	36
56	3	28	2861	35
57	4	34	1360	23
58	4	13	4664	21
59	4	25	544	20
60	4	10	587	30
61	4	18	2819	22
62	4	12	3521	35
63	4	31	753	26
64	4	23	1976	25
65	4	9	2069	21
66	4	2	3944	23
67	4	21	2014	32
68	4	24	1359	25
69	4	28	2524	21
70	4	1	2844	23
71	4	20	2189	24
72	4	29	1462	32
73	4	11	1347	34
74	4	15	3130	37
75	5	15	1308	21
76	5	3	4888	24
77	5	19	4714	25
78	5	30	3815	37
79	5	24	2070	25
80	5	26	590	25
81	5	28	580	20
82	5	11	1479	39
83	5	33	2496	35
84	5	18	3918	39
85	5	9	1064	29
86	5	29	1492	31
87	5	23	1590	40
88	5	7	3674	27
89	5	13	1453	32
90	5	25	980	31
91	5	16	2472	33
92	5	22	1107	28
93	5	31	3583	37
94	5	17	3551	26
95	5	2	1813	37
96	5	32	2448	20
97	5	5	4578	21
98	6	34	3522	28
99	6	26	2028	35
100	6	2	2507	27
101	6	18	1499	37
102	6	25	1645	25
103	6	27	3035	29
104	6	23	4946	35
105	6	22	1781	28
106	6	9	4230	39
107	6	11	2604	38
108	6	8	4810	25
109	6	17	1959	21
110	6	21	2106	38
111	6	29	2032	40
112	6	24	4216	37
113	6	12	2424	32
114	6	28	2273	21
115	6	3	2088	20
116	7	7	3229	39
117	7	26	2698	26
118	7	15	4247	27
119	7	34	2913	29
120	7	18	3983	37
121	7	3	3117	39
122	7	30	1716	21
123	7	27	3622	32
124	7	5	3256	36
125	7	11	1579	32
126	7	21	1744	30
127	7	12	4942	31
128	7	1	1750	23
129	7	2	3316	31
130	7	33	1621	38
131	7	8	521	20
132	7	31	3814	20
133	7	17	1806	27
134	7	9	3979	35
135	7	25	3789	33
136	7	6	1658	21
137	7	32	3807	37
138	8	16	4025	30
139	8	25	510	40
140	8	18	3872	24
141	8	9	3693	39
142	8	4	4581	23
143	8	10	2434	34
144	8	29	4814	21
145	8	3	1750	22
146	8	5	4591	35
147	8	20	2836	40
148	8	32	4850	32
149	8	21	2211	35
150	8	13	3390	31
151	8	11	3469	32
152	8	6	1057	32
153	8	14	972	39
154	8	28	2767	39
155	8	15	2918	34
156	8	31	1474	35
157	9	3	1689	27
158	9	20	1731	40
159	9	25	4705	32
160	9	33	2727	30
161	9	6	4133	23
162	9	9	1020	22
163	9	2	2112	26
164	9	32	4081	34
165	9	7	3559	20
166	9	31	1170	36
167	9	12	2042	25
168	9	15	627	34
169	9	17	2544	22
170	9	23	4692	39
171	9	30	2008	35
172	9	28	3238	37
173	9	13	3351	39
174	9	11	660	32
175	9	10	1707	40
176	9	18	2823	37
177	9	16	3489	30
178	9	34	4346	22
179	9	14	4515	37
180	9	27	4778	31
181	10	14	3813	23
182	10	7	3632	32
183	10	18	3440	37
184	10	34	2393	38
185	10	10	2800	30
186	10	26	4495	20
187	10	11	3179	21
188	10	13	1427	34
189	10	27	2275	36
190	10	3	2904	32
191	10	20	1931	23
192	10	30	1696	27
193	10	16	1687	28
194	10	1	4015	36
195	10	33	1229	31
196	10	28	1940	24
197	10	32	3775	32
198	10	6	3672	22
199	10	19	585	34
200	10	29	1309	35
201	10	22	2382	39
202	11	4	4658	39
203	11	16	2838	23
204	11	14	3228	22
205	11	10	1939	26
206	11	24	2285	20
207	11	23	4369	39
208	11	11	698	37
209	11	27	4695	38
210	11	30	1557	39
211	11	12	964	32
212	11	22	2679	21
213	11	9	3000	26
214	11	3	3630	29
215	11	5	3378	27
216	11	17	4944	32
217	11	1	3198	24
218	11	7	3754	23
219	11	15	1299	27
220	12	7	1252	21
221	12	29	1783	22
222	12	15	4862	22
223	12	13	3814	37
224	12	14	959	35
225	12	17	2744	28
226	12	11	4989	32
227	12	33	1968	26
228	12	19	3945	34
229	12	3	3735	32
230	12	9	769	24
231	12	28	3565	28
232	12	31	1604	20
233	12	18	2899	38
234	12	2	4135	38
235	12	4	1129	30
236	12	26	1090	32
237	12	27	4285	28
238	12	32	1344	23
239	12	21	2293	38
240	12	12	2300	25
241	13	7	3668	40
242	13	33	1684	22
243	13	11	4411	37
244	13	4	1751	29
245	13	15	2003	34
246	13	23	4348	23
247	13	31	514	38
248	13	18	1541	40
249	13	2	3210	34
250	13	8	2372	28
251	13	20	2687	23
252	13	14	4109	21
253	13	5	1614	36
254	13	10	1539	25
255	13	30	1550	31
256	13	16	4297	23
257	14	23	1364	35
258	14	29	3723	37
259	14	32	1849	23
260	14	34	4285	30
261	14	6	1700	23
262	14	9	3518	38
263	14	13	1487	39
264	14	4	1240	26
265	14	20	3564	20
266	14	1	848	28
267	14	16	2135	24
268	14	12	2752	35
269	14	7	3686	25
270	14	21	714	36
271	14	3	730	30
272	14	18	3572	23
273	14	24	3398	34
274	14	28	3283	21
275	14	15	995	21
276	14	30	4114	38
277	15	18	3081	33
278	15	34	2744	35
279	15	28	2118	38
280	15	7	3658	39
281	15	26	3681	21
282	15	15	3816	38
283	15	4	1940	33
284	15	32	1246	23
285	15	29	4020	20
286	15	19	2169	33
287	15	3	2221	24
288	15	2	2403	28
289	15	11	2443	22
290	15	1	1792	26
291	15	9	3228	39
292	15	8	4188	39
293	15	22	1694	26
294	15	33	1107	32
295	15	16	1303	31
296	15	27	1084	22
297	15	25	4877	37
298	15	17	2743	30
299	15	30	1310	33
300	16	3	1772	40
301	16	17	2802	36
302	16	19	1577	35
303	16	20	744	37
304	16	29	3249	26
305	16	30	1096	20
306	16	26	1011	37
307	16	8	2898	37
308	16	31	1225	29
309	16	34	4726	34
310	16	21	971	34
311	16	6	2575	22
312	16	22	580	26
313	16	12	3617	26
314	16	28	4537	38
315	16	7	2317	35
316	17	16	1888	31
317	17	31	1866	39
318	17	28	2118	36
319	17	23	2595	35
320	17	3	1487	32
321	17	15	1356	34
322	17	17	4864	40
323	17	26	2524	40
324	17	11	3369	38
325	17	14	4726	27
326	17	6	3911	22
327	17	4	3313	21
328	17	34	3080	24
329	17	20	871	38
330	17	22	820	23
331	17	32	3945	24
332	17	21	4506	21
333	17	25	4028	39
334	18	17	2886	35
335	18	23	3383	25
336	18	34	2659	27
337	18	5	3644	24
338	18	31	2480	36
339	18	4	2637	26
340	18	9	3790	21
341	18	16	658	32
342	18	27	3004	23
343	18	28	3550	32
344	18	13	2773	40
345	18	26	4452	33
346	18	3	795	30
347	18	1	4784	39
348	18	32	1624	21
349	18	19	2833	31
350	18	10	1348	22
351	18	20	4017	27
352	18	18	1531	21
353	19	14	4695	36
354	19	27	4901	24
355	19	6	3215	25
356	19	1	3365	24
357	19	9	4828	26
358	19	31	4718	22
359	19	15	2448	27
360	19	4	1145	34
361	19	7	2170	31
362	19	26	3387	21
363	19	2	2803	35
364	19	18	1155	24
365	19	21	4354	34
366	19	25	4089	24
367	19	11	2628	26
368	19	34	4324	22
369	19	19	3113	36
370	20	3	2047	23
371	20	25	4893	34
372	20	13	4000	26
373	20	12	2744	40
374	20	1	827	33
375	20	8	2200	27
376	20	22	1915	29
377	20	34	867	38
378	20	32	1016	32
379	20	9	1757	27
380	20	27	530	38
381	20	6	2193	24
382	20	19	3497	22
383	20	17	1999	31
384	20	4	2299	33
385	20	15	4612	38
386	20	7	581	37
387	20	18	4412	30
388	20	20	3920	38
389	20	24	3906	22
390	20	33	4253	28
391	20	30	4714	22
392	21	17	2507	27
393	21	19	4626	30
394	21	14	1192	25
395	21	32	531	24
396	21	16	2057	26
397	21	29	2217	21
398	21	15	4360	27
399	21	26	4905	33
400	21	13	2201	35
401	21	3	514	21
402	21	28	4237	26
403	21	1	959	33
404	21	18	3062	40
405	21	9	3035	39
406	21	31	2609	22
407	21	2	4686	27
408	21	22	4342	33
409	22	20	2336	39
410	22	8	2009	38
411	22	21	613	40
412	22	17	3541	29
413	22	23	1151	26
414	22	3	2733	31
415	22	16	1097	28
416	22	1	1067	31
417	22	5	1991	22
418	22	28	1798	31
419	22	13	1951	31
420	22	19	2843	27
421	22	32	2714	37
422	22	11	3319	40
423	22	6	2520	31
424	23	9	1307	38
425	23	11	3362	29
426	23	5	4412	22
427	23	29	2384	30
428	23	30	4895	32
429	23	25	2551	20
430	23	32	3577	32
431	23	31	3943	34
432	23	10	3163	35
433	23	14	4151	39
434	23	7	4873	23
435	23	1	4337	23
436	23	3	4687	36
437	23	33	3990	27
438	23	34	2836	23
439	24	16	1766	28
440	24	25	3837	35
441	24	27	1110	36
442	24	20	3574	26
443	24	8	3101	36
444	24	18	3864	30
445	24	5	2401	40
446	24	14	2144	32
447	24	28	4107	20
448	24	10	2909	34
449	24	3	2739	25
450	24	2	3442	25
451	24	33	2200	32
452	24	11	2669	27
453	24	17	4436	24
454	24	31	3804	29
455	24	9	1753	31
456	24	4	2176	34
457	25	10	4181	26
458	25	21	4044	30
459	25	34	1804	22
460	25	1	1394	34
461	25	3	3431	32
462	25	4	4221	29
463	25	24	3987	24
464	25	5	3009	22
465	25	13	1919	34
466	25	2	726	24
467	25	33	4933	36
468	25	20	2984	40
469	25	22	3386	32
470	25	15	2811	40
471	25	19	4895	32
472	25	29	2621	31
473	25	28	2250	25
474	25	7	2390	33
475	25	14	878	30
476	25	30	4317	39
477	25	26	4227	26
478	26	14	903	23
479	26	13	2796	38
480	26	11	4931	27
481	26	1	3627	20
482	26	3	594	28
483	26	6	1127	28
484	26	19	3318	27
485	26	10	1376	26
486	26	28	2495	33
487	26	32	3461	39
488	26	5	2189	36
489	26	29	1227	34
490	26	12	3108	35
491	26	33	1533	27
492	26	15	2163	39
493	26	9	4012	26
494	27	15	1048	25
495	27	18	989	29
496	27	10	4216	38
497	27	34	2740	35
498	27	33	4100	33
499	27	3	1111	34
500	27	11	789	34
501	27	8	2711	21
502	27	7	1096	23
503	27	32	1822	28
504	27	31	4162	39
505	27	27	2253	31
506	27	12	3620	21
507	28	8	4773	31
508	28	10	1803	38
509	28	4	1484	28
510	28	7	1290	24
511	28	21	3706	36
512	28	34	892	27
513	28	25	3795	22
514	28	24	3569	37
515	28	17	1359	20
516	28	14	2738	20
517	28	27	2952	24
518	28	3	3743	20
519	28	13	2574	22
520	28	26	2788	20
521	29	1	3401	29
522	29	10	1059	34
523	29	4	4586	35
524	29	29	3612	20
525	29	14	3274	30
526	29	24	3367	36
527	29	33	982	32
528	29	12	1011	38
529	29	15	4901	39
530	29	19	3499	38
531	29	18	2250	20
532	29	16	1018	27
533	29	30	4888	31
534	29	3	3815	28
535	29	25	2131	34
536	29	6	3965	26
537	29	32	1892	22
538	30	16	1330	39
539	30	27	4552	37
540	30	28	4151	30
541	30	9	4248	29
542	30	18	4215	28
543	30	33	4415	24
544	30	3	1068	34
545	30	21	1392	20
546	30	12	3357	27
547	30	25	2026	30
548	30	7	1214	31
549	30	14	2483	40
550	30	8	1664	35
551	30	11	3567	33
552	30	15	4209	38
553	30	4	2505	20
554	30	30	3284	28
555	30	1	3350	33
556	31	26	2850	37
557	31	21	2900	36
558	31	10	3481	31
559	31	22	3511	38
560	31	7	3973	26
561	31	1	1064	31
562	31	14	2293	22
563	31	2	1560	26
564	31	4	1475	29
565	31	6	4379	39
566	31	30	3280	20
567	31	24	3354	40
568	31	28	840	32
569	31	15	1395	40
570	31	11	614	38
571	31	5	3321	31
572	31	3	3040	30
573	32	6	2457	25
574	32	33	1222	21
575	32	25	1750	30
576	32	13	3333	29
577	32	16	1413	21
578	32	29	1404	29
579	32	27	2111	36
580	32	20	3924	22
581	32	32	2090	36
582	32	31	2599	37
583	32	23	4246	40
584	32	30	4632	22
585	32	15	2752	20
586	32	1	690	25
587	32	22	3358	20
588	32	14	2264	38
589	32	19	1751	37
590	32	26	2553	28
591	32	4	3259	21
592	32	2	668	40
593	33	11	3322	26
594	33	21	3821	31
595	33	17	4281	26
596	33	4	1201	32
597	33	9	4543	36
598	33	8	1655	35
599	33	20	1598	37
600	33	26	958	33
601	33	5	3906	21
602	33	15	4725	21
603	33	10	4760	40
604	33	23	3502	40
605	33	31	2440	40
606	33	22	3993	27
607	33	12	3874	27
608	33	1	2243	31
609	33	34	2271	23
610	34	19	1016	20
611	34	12	3057	32
612	34	28	4947	35
613	34	26	2090	37
614	34	33	1484	31
615	34	23	3470	32
616	34	2	3644	21
617	34	18	4587	32
618	34	16	807	28
619	34	5	1357	24
620	34	30	4073	20
621	34	25	2913	29
622	34	8	1298	23
623	34	34	3046	30
624	34	15	1626	37
625	34	13	3921	26
626	35	9	2630	25
627	35	19	2079	24
628	35	11	4081	29
629	35	17	2702	20
630	35	15	1552	33
631	35	27	3616	34
632	35	20	1489	34
633	35	23	700	28
634	35	16	4313	35
635	35	2	1163	31
636	35	33	4866	29
637	35	5	1864	23
638	35	1	2986	35
639	35	22	2820	31
640	35	8	2404	21
641	35	10	2530	25
642	36	34	3224	30
643	36	4	1332	39
644	36	31	2422	32
645	36	7	4603	21
646	36	24	4581	34
647	36	2	4539	23
648	36	15	2506	34
649	36	18	2530	27
650	36	12	2741	24
651	36	3	3533	26
652	36	20	3129	22
653	36	30	584	29
654	36	25	3632	20
655	36	19	2041	39
656	36	29	1054	28
657	37	7	3742	29
658	37	14	3620	31
659	37	30	2776	23
660	37	3	1002	38
661	37	9	2456	36
662	37	8	3167	22
663	37	13	4541	33
664	37	28	3254	37
665	37	4	4206	23
666	37	18	2704	38
667	37	22	1958	29
668	37	20	2615	32
669	37	5	4703	31
670	38	34	3636	37
671	38	5	4049	20
672	38	6	1237	31
673	38	26	1450	36
674	38	8	3484	29
675	38	15	4107	27
676	38	25	2016	31
677	38	1	2561	23
678	38	4	4108	31
679	38	12	4897	20
680	38	27	3076	23
681	38	22	656	39
682	38	17	1497	27
683	38	18	2356	25
684	38	31	3455	32
685	38	32	1648	24
686	38	2	754	35
687	38	13	816	25
688	38	11	769	33
689	38	3	1231	22
690	39	27	3247	34
691	39	34	827	36
692	39	7	4426	37
693	39	29	2243	26
694	39	32	3700	30
695	39	14	2899	29
696	39	10	3007	23
697	39	30	707	30
698	39	16	1370	23
699	39	31	3085	31
700	39	19	842	20
701	39	33	2946	34
702	39	22	4875	40
703	39	21	1426	33
704	39	11	600	36
705	39	3	1568	22
706	39	17	2494	31
707	40	9	4190	22
708	40	12	4072	29
709	40	1	571	39
710	40	18	3484	27
711	40	31	2922	20
712	40	30	4436	24
713	40	13	2117	37
714	40	5	1131	24
715	40	19	2461	27
716	40	4	2815	21
717	40	28	1310	22
718	40	15	4475	34
719	40	6	3943	25
720	40	26	4430	28
721	40	29	4365	28
722	40	11	4984	23
723	40	10	2568	31
724	41	34	4284	37
725	41	32	2716	20
726	41	27	1604	33
727	41	28	1585	37
728	41	1	2958	34
729	41	29	732	24
730	41	22	2275	26
731	41	25	3871	30
732	41	4	812	26
733	41	3	3915	27
734	41	15	3597	39
735	41	11	1882	32
736	41	6	1766	23
737	41	21	1118	22
738	41	23	3405	29
739	42	26	2022	40
740	42	23	2353	31
741	42	20	2593	38
742	42	30	2481	31
743	42	11	3020	23
744	42	10	4188	37
745	42	27	711	26
746	42	14	1232	27
747	42	7	980	28
748	42	5	1136	20
749	42	28	3078	25
750	42	31	2500	28
751	42	21	1326	37
752	42	19	3006	20
753	42	18	3168	29
754	42	22	3920	38
755	42	1	4333	26
756	42	6	4480	32
757	42	29	4044	24
758	42	34	1451	22
759	42	25	3268	23
760	42	9	4042	31
761	43	23	3391	22
762	43	17	2691	20
763	43	31	1603	23
764	43	26	3956	40
765	43	22	1126	25
766	43	3	1614	32
767	43	32	2403	26
768	43	21	838	34
769	43	18	1994	26
770	43	8	1890	26
771	43	2	916	22
772	43	7	4056	21
773	43	15	3774	29
774	43	12	2647	38
775	43	11	3394	29
776	43	25	2952	34
777	43	30	1378	28
778	43	34	1058	40
779	43	16	3542	40
780	44	6	2705	24
781	44	20	646	30
782	44	16	600	20
783	44	1	2698	24
784	44	10	1016	27
785	44	30	3385	21
786	44	2	4039	30
787	44	13	725	36
788	44	29	3641	32
789	44	23	1612	35
790	44	9	3578	27
791	44	14	1151	33
792	44	26	2057	28
793	44	33	3655	36
794	44	18	4325	27
795	44	3	4653	32
796	45	8	518	37
797	45	22	4589	34
798	45	26	4336	21
799	45	32	1261	40
800	45	25	1590	40
801	45	15	1074	34
802	45	17	3874	28
803	45	29	3861	28
804	45	10	3188	26
805	45	7	1748	33
806	45	20	4462	31
807	45	14	3905	22
808	45	30	1619	34
809	45	16	4844	40
810	45	31	3104	21
811	45	24	2380	40
812	46	24	3276	34
813	46	18	2007	32
814	46	20	3876	20
815	46	15	3611	21
816	46	32	4675	33
817	46	28	3177	29
818	46	2	2325	35
819	46	29	2899	33
820	46	22	2963	24
821	46	7	4377	28
822	46	26	3987	37
823	46	21	4504	30
824	46	34	2808	21
825	47	11	4574	27
826	47	33	3473	40
827	47	7	2061	29
828	47	28	4796	21
829	47	23	687	34
830	47	17	1534	29
831	47	25	4813	35
832	47	34	2866	27
833	47	19	2657	30
834	47	16	4318	25
835	47	15	4910	27
836	47	21	620	21
837	47	2	1649	20
838	47	13	2361	21
839	47	30	658	37
840	47	6	2906	40
841	48	19	3761	24
842	48	16	982	28
843	48	5	1389	22
844	48	6	3264	29
845	48	10	4854	40
846	48	22	1595	40
847	48	26	2517	25
848	48	13	4019	39
849	48	8	1013	25
850	48	9	3602	25
851	48	21	4422	34
852	48	14	4911	35
853	48	30	3367	20
854	48	18	4729	20
855	48	4	3502	28
856	48	29	2134	37
857	49	13	3696	39
858	49	6	4943	36
859	49	8	3855	20
860	49	22	4179	20
861	49	9	1122	38
862	49	30	2400	36
863	49	1	3531	27
864	49	5	2707	21
865	49	29	925	23
866	49	14	4995	31
867	49	25	3128	25
868	49	11	2342	25
869	49	34	4978	25
870	49	16	1128	30
871	49	18	2784	21
872	49	21	1895	28
873	50	21	1519	38
874	50	17	2708	40
875	50	25	658	29
876	50	28	3943	37
877	50	11	3389	27
878	50	29	3372	35
879	50	16	809	25
880	50	23	1429	34
881	50	2	2037	29
882	50	12	4630	33
883	50	19	3854	38
884	50	22	1167	23
885	50	34	4884	33
886	50	27	1672	37
887	50	14	3948	33
888	50	31	4483	22
889	50	7	3430	27
890	50	3	786	39
891	51	24	2552	27
892	51	20	1086	40
893	51	23	3875	26
894	51	9	3770	30
895	51	27	2752	30
896	51	26	1406	28
897	51	34	2290	22
898	51	33	589	36
899	51	4	1219	36
900	51	17	3364	23
901	51	22	4426	27
902	51	29	4785	40
903	51	7	4019	27
904	52	19	1421	37
905	52	24	1859	24
906	52	15	2784	30
907	52	11	2217	30
908	52	28	2826	39
909	52	29	2830	22
910	52	13	4388	20
911	52	22	4946	25
912	52	33	4129	25
913	52	31	2725	26
914	52	30	916	35
915	52	23	1775	28
916	52	9	4107	31
917	52	3	2365	36
918	52	12	3233	37
919	53	3	3336	23
920	53	15	3290	23
921	53	7	1782	35
922	53	12	3522	38
923	53	22	3401	36
924	53	25	3387	33
925	53	11	4215	27
926	53	5	2599	22
927	53	29	2502	34
928	53	19	1721	37
929	53	18	2430	26
930	53	13	4166	28
931	53	23	4815	32
932	53	14	2122	36
933	53	21	2214	25
934	53	33	3571	35
935	54	23	3239	36
936	54	31	4486	29
937	54	22	3521	21
938	54	15	3747	39
939	54	4	4610	22
940	54	16	533	29
941	54	29	1713	33
942	54	28	3236	20
943	54	13	661	40
944	54	1	3303	25
945	54	30	732	21
946	54	7	3433	39
947	54	5	546	30
948	54	18	2721	23
949	54	33	4175	30
950	54	11	1076	25
951	54	34	2166	32
952	54	9	4468	30
953	55	21	3193	31
954	55	29	1752	31
955	55	26	2430	33
956	55	5	2425	40
957	55	24	588	39
958	55	30	1257	31
959	55	3	2576	39
960	55	1	872	35
961	55	17	3657	36
962	55	10	2728	31
963	55	7	2695	34
964	55	16	1992	23
965	55	15	4776	36
966	55	4	3083	25
967	55	28	2272	35
968	55	8	896	37
969	55	27	2424	29
970	55	31	1552	27
971	56	15	1373	25
972	56	21	4984	37
973	56	3	2494	20
974	56	25	2345	34
975	56	28	3748	38
976	56	31	4486	28
977	56	10	2907	29
978	56	18	4470	21
979	56	20	4861	26
980	56	14	2932	34
981	56	8	2353	24
982	56	4	3298	27
983	56	33	3517	30
984	56	23	2002	20
985	56	30	4678	21
986	56	11	4960	34
987	56	16	1613	25
988	57	8	3141	27
989	57	34	4225	23
990	57	20	3438	24
991	57	26	2475	35
992	57	9	3625	29
993	57	19	3409	23
994	57	22	1975	21
995	57	33	4641	23
996	57	29	2371	22
997	57	31	4615	26
998	57	30	3177	27
999	57	7	3951	25
1000	57	12	3522	38
1001	57	4	528	22
1002	57	15	2562	27
1003	57	1	2508	30
1004	57	6	3675	33
1005	57	28	1380	35
1006	57	11	3092	23
1007	58	9	3476	27
1008	58	7	4023	30
1009	58	33	3961	33
1010	58	15	1077	32
1011	58	34	3589	24
1012	58	26	2184	31
1013	58	8	2725	38
1014	58	18	3582	29
1015	58	24	3433	31
1016	58	27	3118	24
1017	58	25	4921	25
1018	58	11	1951	40
1019	58	10	1105	39
1020	59	24	2505	21
1021	59	28	4631	40
1022	59	17	1823	21
1023	59	10	1164	27
1024	59	16	1811	25
1025	59	7	2791	22
1026	59	2	2771	39
1027	59	9	1663	20
1028	59	11	769	35
1029	59	15	1010	35
1030	59	29	2921	40
1031	59	18	1083	21
1032	59	1	4055	28
1033	59	13	2212	30
1034	59	14	4796	23
1035	59	31	2812	21
1036	59	21	4463	36
1037	59	33	1228	32
1038	59	4	2229	28
1039	59	30	585	24
1040	59	22	1040	29
1041	60	13	4466	38
1042	60	8	611	32
1043	60	2	4158	37
1044	60	18	2048	27
1045	60	7	1634	33
1046	60	26	722	36
1047	60	9	4236	28
1048	60	17	2407	28
1049	60	16	4859	38
1050	60	1	4246	39
1051	60	21	3642	36
1052	60	6	2775	36
1053	60	15	988	26
1054	60	3	1486	29
1055	60	23	4724	27
1056	61	21	932	38
1057	61	18	2614	26
1058	61	3	3843	33
1059	61	4	4088	22
1060	61	15	4956	36
1061	61	20	4551	30
1062	61	32	3749	40
1063	61	16	3978	21
1064	61	6	4138	37
1065	61	19	2912	34
1066	61	14	3551	24
1067	61	26	1606	32
1068	61	27	4743	29
1069	61	23	4712	23
1070	61	2	4353	21
1071	61	25	1994	28
1072	62	21	821	24
1073	62	5	2988	39
1074	62	12	2061	22
1075	62	8	1462	24
1076	62	11	4246	39
1077	62	30	1039	31
1078	62	15	4628	36
1079	62	17	3431	21
1080	62	2	3308	28
1081	62	20	3391	32
1082	62	4	1149	34
1083	62	34	3985	20
1084	62	28	1863	30
1085	62	22	2064	40
1086	62	18	3395	39
1087	62	7	2192	28
1088	63	4	2797	40
1089	63	33	1273	25
1090	63	27	2764	36
1091	63	15	2643	23
1092	63	8	3092	30
1093	63	22	3350	37
1094	63	29	4545	26
1095	63	24	2418	27
1096	63	10	3219	37
1097	63	18	3513	32
1098	63	5	4111	21
1099	63	9	1110	26
1100	63	21	4414	25
1101	63	26	1060	29
1102	63	17	4281	34
1103	63	32	1443	34
1104	63	3	4615	26
1105	64	33	3957	38
1106	64	21	1579	31
1107	64	23	3018	30
1108	64	20	3222	28
1109	64	29	2387	22
1110	64	15	870	27
1111	64	19	4869	26
1112	64	24	2771	39
1113	64	11	2654	38
1114	64	28	2443	37
1115	64	31	4565	29
1116	64	3	1795	24
1117	64	4	886	35
1118	64	2	1854	28
1119	64	30	616	30
1120	64	22	2193	28
1121	65	3	1877	35
1122	65	16	2455	40
1123	65	5	2396	31
1124	65	6	4144	31
1125	65	9	2947	20
1126	65	1	2696	24
1127	65	14	1434	31
1128	65	23	3290	34
1129	65	21	734	21
1130	65	7	4345	40
1131	65	8	2130	30
1132	65	33	4513	39
1133	65	20	3553	30
1134	65	13	2774	37
1135	65	11	1893	33
1136	65	32	978	28
1137	65	27	4853	31
1138	65	29	1797	40
1139	65	18	1323	35
1140	66	16	1140	36
1141	66	27	4625	29
1142	66	30	1337	35
1143	66	13	3807	35
1144	66	26	1233	35
1145	66	5	4449	28
1146	66	14	4192	40
1147	66	4	4579	33
1148	66	20	796	32
1149	66	1	707	40
1150	66	9	3958	29
1151	66	8	1393	37
1152	66	17	4115	29
1153	66	24	4895	31
1154	66	10	3894	27
1155	66	23	2057	24
1156	66	31	4731	22
1157	66	19	1546	35
1158	66	25	2929	29
1159	67	26	1770	29
1160	67	1	3848	21
1161	67	12	1781	27
1162	67	24	3840	26
1163	67	3	1249	27
1164	67	28	1480	38
1165	67	4	4482	24
1166	67	5	1182	38
1167	67	34	2474	28
1168	67	29	4738	30
1169	67	11	602	40
1170	67	18	2155	30
1171	67	22	4271	39
1172	67	13	2355	30
1173	67	23	3430	33
1174	68	22	3958	30
1175	68	19	1791	28
1176	68	31	3319	21
1177	68	29	4965	22
1178	68	8	3154	31
1179	68	32	1199	26
1180	68	9	1484	26
1181	68	2	1066	23
1182	68	10	614	38
1183	68	5	3333	36
1184	68	28	2869	25
1185	68	27	3719	22
1186	68	14	1530	32
1187	68	3	1566	40
1188	68	7	1315	29
1189	68	34	3202	23
1190	68	1	3115	35
1191	68	26	2015	29
1192	68	18	4712	38
1193	68	33	2470	30
1194	69	12	1560	22
1195	69	25	3793	24
1196	69	28	4679	33
1197	69	14	4457	22
1198	69	6	2206	31
1199	69	19	4454	22
1200	69	4	3486	25
1201	69	26	4249	24
1202	69	23	2456	25
1203	69	13	3123	27
1204	69	24	2256	30
1205	69	30	3225	31
1206	69	7	2116	20
1207	69	5	4360	37
1208	69	3	1208	40
1209	69	1	4307	30
1210	70	19	877	25
1211	70	31	830	37
1212	70	4	3654	28
1213	70	25	2626	26
1214	70	18	4418	39
1215	70	1	2163	31
1216	70	12	2632	29
1217	70	32	4146	29
1218	70	22	3779	40
1219	70	2	2674	26
1220	70	5	2727	35
1221	70	11	2173	40
1222	70	30	1389	22
1223	70	33	3113	34
1224	70	23	4598	33
1225	70	6	4254	31
1226	70	14	4996	27
1227	71	13	1312	34
1228	71	32	4642	29
1229	71	8	4256	29
1230	71	27	2387	32
1231	71	25	3428	34
1232	71	4	1776	29
1233	71	7	4705	22
1234	71	19	2835	20
1235	71	33	1599	37
1236	71	2	3335	23
1237	71	23	2898	31
1238	71	30	1962	24
1239	71	24	4704	28
1240	71	29	3950	22
1241	71	21	2245	36
1242	71	5	2199	22
1243	71	20	1635	32
1244	71	14	3647	35
1245	71	31	3520	20
1246	72	3	1109	26
1247	72	23	2049	30
1248	72	33	3281	22
1249	72	26	4271	27
1250	72	34	1838	34
1251	72	5	1632	29
1252	72	15	4733	30
1253	72	12	3791	39
1254	72	27	2621	40
1255	72	22	4688	38
1256	72	7	3144	22
1257	72	24	2907	36
1258	73	7	854	22
1259	73	3	2624	40
1260	73	15	757	35
1261	73	33	4139	29
1262	73	9	1106	25
1263	73	29	4626	40
1264	73	27	1264	37
1265	73	21	1654	27
1266	73	34	1236	26
1267	73	10	2655	38
1268	73	4	4571	23
1269	73	18	2078	38
1270	73	26	1542	30
1271	73	31	2535	33
1272	73	5	2406	29
1273	73	19	1803	40
1274	73	23	4536	29
1275	74	27	4443	24
1276	74	5	3536	33
1277	74	3	2789	27
1278	74	17	1716	38
1279	74	8	1700	26
1280	74	32	4214	24
1281	74	23	2643	38
1282	74	19	615	33
1283	74	30	622	36
1284	74	9	4530	37
1285	74	16	2627	27
1286	74	11	4366	38
1287	74	28	1512	29
1288	74	10	2286	29
1289	74	7	3040	20
1290	75	2	3300	36
1291	75	13	4714	33
1292	75	8	2169	26
1293	75	11	2354	24
1294	75	34	1051	34
1295	75	30	4920	33
1296	75	28	3421	39
1297	75	18	3900	31
1298	75	31	4417	25
1299	75	15	1592	27
1300	75	16	2852	21
1301	75	24	4088	26
1302	75	9	2702	21
1303	75	20	1576	30
1304	75	21	1459	29
1305	75	17	4598	36
1306	75	6	2705	28
1307	75	4	2968	32
1308	75	32	3967	38
1309	75	23	3072	21
1310	75	33	4844	33
1311	76	20	1738	37
1312	76	8	2288	38
1313	76	30	2531	20
1314	76	15	3439	27
1315	76	34	1738	21
1316	76	5	4148	25
1317	76	24	4789	40
1318	76	3	2603	22
1319	76	31	3649	38
1320	76	29	2948	25
1321	76	10	2119	25
1322	76	11	4240	38
1323	76	18	555	23
1324	76	7	3573	40
1325	76	22	4799	31
1326	76	16	4185	24
1327	76	12	769	24
1328	76	27	1692	37
1329	76	23	4305	26
1330	76	2	1785	28
1331	76	4	4924	22
1332	76	28	2788	23
1333	76	17	4781	31
1334	76	13	2553	35
1335	76	9	3081	20
1336	76	26	1425	33
1337	77	8	2559	29
1338	77	24	2993	21
1339	77	5	3955	20
1340	77	12	2011	28
1341	77	10	1866	34
1342	77	29	4048	26
1343	77	15	4286	38
1344	77	7	4035	23
1345	77	26	2067	26
1346	77	34	2084	22
1347	77	33	585	20
1348	77	27	2807	20
1349	77	16	3877	31
1350	77	1	643	25
1351	77	14	4121	37
1352	77	17	2619	24
1353	77	25	4449	27
1354	77	6	2001	26
1355	77	3	4877	35
1356	77	22	1833	26
1357	78	12	4165	40
1358	78	9	2963	36
1359	78	32	3573	24
1360	78	29	4694	32
1361	78	31	2980	35
1362	78	20	1399	26
1363	78	22	659	35
1364	78	10	1465	31
1365	78	8	2525	40
1366	78	1	2387	27
1367	78	21	1605	21
1368	78	27	2371	31
1369	78	26	2631	33
1370	78	18	1933	27
1371	78	4	954	36
1372	78	19	913	36
1373	79	22	1497	22
1374	79	28	2747	22
1375	79	8	2933	40
1376	79	18	1058	29
1377	79	25	2364	28
1378	79	32	3130	36
1379	79	30	2819	33
1380	79	19	2003	22
1381	79	27	4880	20
1382	79	31	1902	23
1383	79	1	1848	23
1384	79	12	2429	26
1385	79	3	4088	31
1386	79	14	668	36
1387	79	7	1520	25
1388	79	10	4489	22
1389	79	24	4484	28
1390	79	13	550	33
1391	79	21	3791	27
1392	79	23	2384	30
1393	79	17	4614	26
1394	79	11	610	34
1395	79	26	1670	39
1396	80	4	1044	36
1397	80	12	4519	27
1398	80	27	2722	32
1399	80	26	2628	24
1400	80	21	2645	39
1401	80	7	4179	21
1402	80	5	2806	31
1403	80	8	2122	38
1404	80	1	3293	33
1405	80	9	3786	37
1406	80	29	666	39
1407	80	17	1919	20
1408	80	22	2639	27
1409	80	25	2254	23
1410	80	19	3314	39
1411	80	34	4514	30
1412	80	16	923	26
1413	80	32	1140	27
1414	80	11	2047	39
1415	80	10	1950	38
1416	81	30	1648	36
1417	81	4	2500	22
1418	81	31	1224	23
1419	81	9	671	23
1420	81	6	3664	22
1421	81	24	643	23
1422	81	2	3492	22
1423	81	15	3541	22
1424	81	10	827	21
1425	81	33	1590	29
1426	81	12	3945	38
1427	81	5	1644	29
1428	81	22	1289	31
1429	81	27	2641	36
1430	81	1	4651	20
1431	81	19	3802	21
1432	81	16	2926	37
1433	81	26	2404	23
1434	82	21	4301	28
1435	82	32	2735	36
1436	82	27	1699	36
1437	82	7	3774	20
1438	82	17	868	28
1439	82	29	3768	27
1440	82	14	4696	27
1441	82	20	4816	33
1442	82	6	2954	35
1443	82	25	1251	30
1444	82	5	4904	40
1445	82	9	4292	26
1446	83	3	1695	37
1447	83	1	1058	32
1448	83	4	1729	22
1449	83	16	2333	22
1450	83	14	3816	23
1451	83	29	3892	39
1452	83	32	839	26
1453	83	17	4979	29
1454	83	30	4956	30
1455	83	34	2367	26
1456	84	25	2573	31
1457	84	33	4339	33
1458	84	7	3041	32
1459	84	21	2719	29
1460	84	5	3158	31
1461	84	29	2210	29
1462	84	3	1541	39
1463	84	24	4288	25
1464	84	1	2425	32
1465	84	20	1804	23
1466	84	17	555	20
1467	84	22	3147	38
1468	84	32	573	35
1469	84	16	1311	38
1470	84	10	3527	23
1471	84	14	717	32
1472	84	31	4804	36
1473	84	8	3467	38
1474	84	30	1294	40
1475	85	29	4838	22
1476	85	10	1382	26
1477	85	6	2608	34
1478	85	31	1491	26
1479	85	21	2967	23
1480	85	18	4246	34
1481	85	3	3189	31
1482	85	11	4147	29
1483	85	34	2733	28
1484	85	33	2625	23
1485	85	26	500	39
1486	85	4	4627	28
1487	85	30	846	21
1488	85	28	3013	21
1489	85	15	529	35
1490	85	25	1838	30
1491	85	8	1941	38
1492	85	24	4921	23
1493	85	19	2566	31
1494	86	14	2253	27
1495	86	23	3480	21
1496	86	9	534	38
1497	86	21	2549	39
1498	86	1	4687	34
1499	86	7	2615	37
1500	86	34	3299	29
1501	86	17	1329	26
1502	86	29	1218	34
1503	86	30	1873	21
1504	86	2	2271	21
1505	86	10	4680	38
1506	86	15	2486	36
1507	86	26	2935	40
1508	86	22	4663	31
1509	86	33	3559	39
1510	86	3	3221	25
1511	86	13	3969	32
1512	86	5	695	21
1513	86	11	3717	35
1514	86	25	3550	29
1515	87	32	3585	28
1516	87	34	2605	26
1517	87	16	4509	21
1518	87	15	626	37
1519	87	11	1196	37
1520	87	19	659	31
1521	87	5	3312	34
1522	87	30	4439	26
1523	87	24	2519	26
1524	87	33	2418	38
1525	87	13	2579	33
1526	87	23	3164	27
1527	88	30	3183	40
1528	88	7	745	29
1529	88	13	3520	34
1530	88	1	531	27
1531	88	8	1481	23
1532	88	28	2116	25
1533	88	21	1628	32
1534	88	16	963	26
1535	88	10	4738	38
1536	88	20	1556	23
1537	88	11	1493	29
1538	88	27	4402	28
1539	88	17	606	22
1540	88	31	2985	34
1541	88	24	580	37
1542	88	32	847	29
1543	88	23	1998	31
1544	88	29	1044	38
1545	89	25	1135	23
1546	89	13	3484	30
1547	89	15	1382	39
1548	89	24	3697	30
1549	89	6	2270	25
1550	89	11	3681	27
1551	89	23	3580	33
1552	89	16	1145	20
1553	89	18	3788	31
1554	89	22	2002	32
1555	89	4	4760	31
1556	89	20	555	36
1557	89	34	2472	34
1558	89	30	4149	27
1559	89	33	3313	40
1560	89	32	1276	40
1561	89	10	4649	27
1562	89	27	3681	29
1563	89	3	1624	34
1564	90	23	4480	28
1565	90	20	3259	38
1566	90	30	4441	30
1567	90	7	3357	39
1568	90	4	1526	33
1569	90	18	900	36
1570	90	29	1712	27
1571	90	31	3754	25
1572	90	12	2422	40
1573	90	11	4672	21
1574	90	9	4776	21
1575	90	33	3883	33
1576	90	1	3518	33
1577	90	22	4245	38
1578	90	10	1942	30
1579	90	34	1271	20
1580	90	32	2270	40
1581	90	24	1898	31
1582	90	6	2017	20
1583	90	14	708	28
1584	91	11	4927	20
1585	91	14	3128	21
1586	91	25	4462	21
1587	91	4	3875	31
1588	91	23	1181	39
1589	91	3	856	29
1590	91	31	4294	36
1591	91	28	4521	40
1592	91	21	2824	25
1593	91	1	1417	21
1594	91	32	4980	26
1595	91	15	4569	26
1596	91	29	3838	26
1597	92	3	1241	39
1598	92	22	2399	31
1599	92	29	2892	33
1600	92	1	1267	23
1601	92	32	3450	36
1602	92	6	2959	38
1603	92	11	2031	37
1604	92	5	2499	27
1605	92	27	4410	32
1606	92	9	1071	25
1607	92	2	1221	38
1608	92	30	1976	21
1609	92	21	3045	40
1610	92	23	2445	35
1611	92	28	1026	23
1612	92	15	1100	34
1613	92	4	4823	31
1614	93	25	2511	38
1615	93	30	3882	28
1616	93	23	4036	37
1617	93	2	4165	29
1618	93	5	4662	22
1619	93	18	1396	34
1620	93	13	4133	29
1621	93	15	1482	22
1622	93	32	3037	37
1623	93	3	2612	24
1624	93	6	2866	25
1625	93	22	2561	31
1626	93	21	1380	32
1627	93	16	4444	39
1628	93	24	3323	35
1629	93	28	2181	39
1630	94	6	4685	24
1631	94	28	688	28
1632	94	3	625	33
1633	94	30	1765	29
1634	94	2	593	38
1635	94	26	2614	27
1636	94	10	612	25
1637	94	16	1869	34
1638	94	15	3043	39
1639	94	7	1923	23
1640	94	32	3763	36
1641	94	13	3277	30
1642	94	33	4386	36
1643	94	27	1628	24
1644	94	11	4899	25
1645	94	24	1210	28
1646	94	8	1930	33
1647	95	31	1992	38
1648	95	6	2741	34
1649	95	8	4369	36
1650	95	17	2828	23
1651	95	12	3498	27
1652	95	21	1323	26
1653	95	14	4332	26
1654	95	22	4439	35
1655	95	3	4291	40
1656	95	34	2780	38
1657	95	7	3822	25
1658	95	5	1728	38
1659	95	11	2641	27
1660	95	23	2714	38
1661	95	24	4005	35
1662	95	18	4006	40
1663	95	20	2632	36
1664	95	4	1478	39
1665	95	1	4466	29
1666	95	27	1131	27
1667	95	26	4559	23
1668	96	7	2842	25
1669	96	10	4200	29
1670	96	14	2528	23
1671	96	3	2704	27
1672	96	1	3581	38
1673	96	19	1400	38
1674	96	16	4223	21
1675	96	22	2491	30
1676	96	15	555	32
1677	96	30	3540	20
1678	96	18	3210	34
1679	96	20	4609	31
1680	96	8	1821	27
1681	96	5	4304	38
1682	96	26	2042	24
1683	96	27	799	31
1684	96	33	1118	35
1685	97	16	3608	33
1686	97	9	2793	26
1687	97	6	1069	39
1688	97	8	1639	31
1689	97	17	2876	25
1690	97	27	3030	40
1691	97	22	4135	31
1692	97	32	1321	33
1693	97	19	3067	37
1694	97	20	4552	29
1695	97	1	1334	30
1696	97	23	3348	30
1697	97	4	3153	29
1698	97	14	3404	29
1699	97	25	548	27
1700	97	30	1786	23
1701	97	5	2140	20
1702	97	33	1040	21
1703	98	31	4906	37
1704	98	7	4271	27
1705	98	13	1899	33
1706	98	20	2769	32
1707	98	15	3484	38
1708	98	23	2505	23
1709	98	8	1145	20
1710	98	11	2031	37
1711	98	6	851	26
1712	98	26	4801	39
1713	98	30	4185	28
1714	98	9	4644	28
1715	98	10	1316	40
1716	98	34	899	26
1717	98	21	1324	25
1718	98	2	1033	32
1719	98	33	3792	24
1720	98	27	827	35
1721	99	15	1192	28
1722	99	20	1742	38
1723	99	22	1376	28
1724	99	28	715	38
1725	99	5	4234	40
1726	99	19	3163	40
1727	99	27	530	35
1728	99	23	4955	38
1729	99	13	867	21
1730	99	7	1323	32
1731	99	29	2325	31
1732	99	24	4893	28
1733	99	25	2465	21
1734	99	32	1223	28
1735	99	8	2799	32
1736	99	1	4792	22
1737	99	10	1517	25
1738	99	18	3663	22
1739	99	14	1994	26
1740	99	34	2772	26
1741	99	21	2155	35
1742	100	33	3312	30
1743	100	28	3115	29
1744	100	30	2846	22
1745	100	27	4569	25
1746	100	29	1690	24
1747	100	17	2196	40
1748	100	14	2854	33
1749	100	7	3026	30
1750	100	25	1504	25
1751	100	5	3733	22
1752	100	32	4765	40
1753	100	8	1920	25
1754	101	12	2831	34
1755	101	9	2344	32
1756	101	16	1547	38
1757	101	28	3360	24
1758	101	32	2296	31
1759	101	4	3661	38
1760	101	3	3635	33
1761	101	14	2484	21
1762	101	30	3534	24
1763	101	24	3798	37
1764	101	26	4106	36
1765	101	15	4599	24
1766	101	7	1104	25
1767	101	31	3124	30
1768	101	1	3523	34
1769	101	21	3067	20
1770	101	13	2392	36
1771	102	19	1661	27
1772	102	26	763	33
1773	102	23	1080	28
1774	102	2	2802	36
1775	102	34	2513	36
1776	102	8	1361	39
1777	102	27	1683	31
1778	102	6	2103	38
1779	102	1	4907	20
1780	102	22	1667	20
1781	102	32	3733	24
1782	102	7	4740	23
1783	102	21	2636	31
1784	102	4	2193	24
1785	102	20	1568	40
1786	102	28	2714	22
1787	102	15	4944	34
1788	102	13	603	27
1789	102	18	4555	32
1790	102	16	4660	31
1791	102	17	1761	20
1792	103	21	3263	29
1793	103	13	3883	29
1794	103	30	857	40
1795	103	17	1681	20
1796	103	6	4257	25
1797	103	7	1223	26
1798	103	9	2760	26
1799	103	5	1499	40
1800	103	18	3098	36
1801	103	4	1822	31
1802	103	12	2169	30
1803	103	33	3695	35
1804	103	10	2305	21
1805	103	19	3308	24
1806	104	19	1739	29
1807	104	21	2694	37
1808	104	15	3647	36
1809	104	31	1928	37
1810	104	2	1275	21
1811	104	32	1152	29
1812	104	33	3362	40
1813	104	16	4842	23
1814	104	4	1285	29
1815	104	29	3233	39
1816	104	27	3787	25
1817	104	30	4822	29
1818	104	10	4063	23
1819	104	5	3752	39
1820	104	28	4787	24
1821	104	24	3415	28
1822	104	3	2576	31
1823	105	27	2472	27
1824	105	23	1404	36
1825	105	7	4599	36
1826	105	12	4585	34
1827	105	2	3589	36
1828	105	22	2160	36
1829	105	21	4803	27
1830	105	5	2210	26
1831	105	31	4695	27
1832	105	11	3100	38
1833	105	3	539	25
1834	105	8	984	22
1835	105	25	1746	39
1836	105	10	1273	33
1837	105	26	1885	25
1838	106	18	1760	26
1839	106	14	2442	36
1840	106	33	2196	20
1841	106	5	2285	31
1842	106	16	3625	25
1843	106	25	2997	37
1844	106	6	3264	20
1845	106	20	4611	38
1846	106	29	3785	22
1847	106	15	2305	26
1848	106	13	1953	34
1849	106	19	4125	24
1850	106	12	958	38
1851	106	21	1953	26
1852	106	28	626	37
1853	106	11	4139	32
1854	106	27	4922	35
1855	107	8	4688	21
1856	107	31	4784	37
1857	107	34	4551	29
1858	107	11	3370	37
1859	107	5	2639	30
1860	107	10	673	39
1861	107	22	1482	22
1862	107	2	2210	23
1863	107	20	4034	39
1864	107	1	3939	37
1865	107	21	3123	23
1866	107	19	3876	26
1867	107	17	3577	25
1868	107	14	4749	30
1869	107	27	582	27
1870	107	9	2493	31
1871	107	6	1033	31
1872	107	13	2105	39
1873	107	4	2222	32
1874	108	32	3853	39
1875	108	12	3584	25
1876	108	23	4031	23
1877	108	13	2222	28
1878	108	20	3771	22
1879	108	6	2874	24
1880	108	1	1277	38
1881	108	26	4915	20
1882	108	16	4774	35
1883	108	14	4131	34
1884	108	2	1026	40
1885	108	18	740	31
1886	108	19	4486	20
1887	108	4	2835	40
1888	108	10	529	27
1889	108	3	2397	21
1890	108	27	3032	33
1891	108	15	525	21
1892	108	17	1031	23
1893	108	9	1059	38
1894	109	26	3270	34
1895	109	20	2549	37
1896	109	34	3862	22
1897	109	25	2372	35
1898	109	16	4687	39
1899	109	21	4647	29
1900	109	24	2241	39
1901	109	31	1704	27
1902	109	4	4731	38
1903	109	29	3687	38
1904	109	33	3303	32
1905	109	19	3272	30
1906	109	13	2716	40
1907	109	18	4391	32
1908	110	27	4613	40
1909	110	11	4719	34
1910	110	4	3984	34
1911	110	33	3336	31
1912	110	31	1412	34
1913	110	29	1985	22
1914	110	21	2965	22
1915	110	24	3520	22
1916	110	13	992	20
1917	110	17	3199	22
1918	110	9	744	40
1919	110	23	2006	29
1920	110	12	2573	22
1921	110	15	2034	35
1922	110	19	817	23
1923	110	18	3248	26
1924	110	5	3596	33
1925	110	2	1201	39
1926	110	30	3997	25
1927	110	16	2737	40
1928	110	3	1267	29
1929	111	10	1198	23
1930	111	26	3788	23
1931	111	34	858	35
1932	111	11	4863	29
1933	111	30	1154	28
1934	111	3	4188	22
1935	111	24	3396	25
1936	111	15	4637	25
1937	111	31	4574	20
1938	111	29	4725	35
1939	111	12	1870	26
1940	111	22	1585	29
1941	111	23	1308	33
1942	111	19	2043	40
1943	111	33	4225	31
1944	111	32	3320	28
1945	112	30	4150	26
1946	112	25	1712	36
1947	112	29	3112	30
1948	112	18	1250	35
1949	112	7	2381	34
1950	112	11	2249	28
1951	112	21	4927	39
1952	112	31	4360	37
1953	112	13	1642	36
1954	112	26	2396	38
1955	112	14	675	25
1956	112	15	2730	22
1957	112	33	658	28
1958	112	27	3558	20
1959	112	34	2837	40
1960	112	1	2744	21
1961	112	22	2342	28
1962	113	8	2189	23
1963	113	2	3650	34
1964	113	31	3658	36
1965	113	6	933	24
1966	113	34	4690	33
1967	113	7	2788	40
1968	113	30	1097	23
1969	113	29	4815	37
1970	113	5	619	28
1971	113	24	523	29
1972	113	1	3660	38
1973	113	28	4269	31
1974	113	16	1154	27
1975	113	9	920	35
1976	113	15	971	25
1977	113	19	2702	30
1978	113	4	2028	26
1979	113	32	2826	32
1980	113	10	4552	24
1981	113	25	3508	23
1982	113	20	850	24
1983	113	12	3684	22
1984	114	15	1477	29
1985	114	30	1007	29
1986	114	34	2979	20
1987	114	7	3329	37
1988	114	9	4472	24
1989	114	4	2792	27
1990	114	5	4248	29
1991	114	26	1603	29
1992	114	27	1184	30
1993	114	28	2108	33
1994	114	14	1598	23
1995	114	13	1054	25
1996	114	16	3187	21
1997	114	23	4989	35
1998	114	8	3033	28
1999	115	17	4399	40
2000	115	28	3851	32
2001	115	11	3824	32
2002	115	5	2635	33
2003	115	7	3050	30
2004	115	13	3951	36
2005	115	14	4404	35
2006	115	6	1407	22
2007	115	22	3422	34
2008	115	30	696	29
2009	115	21	1795	23
2010	115	9	3091	40
2011	115	2	2575	23
2012	115	23	4008	26
2013	115	33	1409	33
2014	116	2	4209	35
2015	116	34	1117	22
2016	116	25	937	40
2017	116	29	3334	27
2018	116	1	513	24
2019	116	23	3586	26
2020	116	5	2700	34
2021	116	28	730	25
2022	116	11	4258	29
2023	116	7	3345	33
2024	116	32	696	28
2025	116	20	4800	36
2026	116	3	2440	32
2027	116	12	4688	21
2028	117	6	2046	21
2029	117	5	721	21
2030	117	2	3941	27
2031	117	15	3749	28
2032	117	26	4228	30
2033	117	30	4169	24
2034	117	23	4874	36
2035	117	32	4024	26
2036	117	4	1760	23
2037	117	20	983	22
2038	117	1	4178	29
2039	117	8	1122	23
2040	117	17	2332	28
2041	117	31	2346	27
2042	117	33	622	25
2043	118	28	1947	22
2044	118	10	2834	20
2045	118	17	2771	38
2046	118	34	4030	27
2047	118	22	1554	30
2048	118	23	3755	35
2049	118	1	1018	20
2050	118	24	1804	30
2051	118	16	3489	35
2052	118	11	4742	25
2053	118	7	4668	26
2054	119	22	2122	28
2055	119	10	4816	35
2056	119	27	4428	26
2057	119	5	1826	34
2058	119	4	2315	37
2059	119	18	786	31
2060	119	25	3634	22
2061	119	8	4548	40
2062	119	32	4746	30
2063	119	15	3389	29
2064	119	1	3962	21
2065	119	13	1279	28
2066	119	31	3972	27
2067	119	9	1974	38
2068	119	12	983	35
2069	119	30	2811	38
2070	120	21	2735	35
2071	120	9	3845	26
2072	120	29	2761	38
2073	120	11	3419	38
2074	120	17	3623	39
2075	120	2	1080	28
2076	120	30	3622	26
2077	120	13	682	38
2078	120	5	3525	36
2079	120	15	635	36
2080	120	14	4744	21
2081	120	10	4584	21
2082	120	1	3963	21
2083	120	24	788	35
2084	120	3	4009	37
2085	120	23	1224	25
2086	120	8	2836	26
2087	120	33	3094	36
2088	120	20	920	23
2089	120	22	1878	25
2090	120	27	2160	24
2091	121	4	1366	20
2092	121	7	3494	28
2093	121	15	4444	35
2094	121	5	1151	34
2095	121	28	4546	30
2096	121	16	2455	30
2097	121	24	2364	25
2098	121	18	4352	24
2099	121	33	645	28
2100	121	13	2240	30
2101	121	20	2968	39
2102	121	31	3962	28
2103	121	17	854	25
2104	122	20	553	21
2105	122	9	4803	21
2106	122	16	1917	29
2107	122	26	512	40
2108	122	3	3921	35
2109	122	2	3740	28
2110	122	28	3092	26
2111	122	7	1045	22
2112	122	22	2145	20
2113	122	18	1623	34
2114	122	4	4585	27
2115	122	30	733	39
2116	122	29	1663	23
2117	122	12	4730	30
2118	122	24	3024	35
2119	122	5	3592	25
2120	123	15	3911	31
2121	123	8	1592	23
2122	123	4	645	26
2123	123	17	1863	30
2124	123	12	2206	31
2125	123	10	2442	32
2126	123	21	1622	39
2127	123	11	4831	36
2128	123	28	4396	29
2129	123	23	3291	26
2130	123	25	1991	36
2131	123	1	4045	38
2132	123	7	996	32
2133	123	13	1631	29
2134	124	17	1496	39
2135	124	2	4937	33
2136	124	34	1106	33
2137	124	27	4070	32
2138	124	19	2300	20
2139	124	6	1018	23
2140	124	28	4243	28
2141	124	22	3387	35
2142	124	1	1757	35
2143	124	33	4008	33
2144	124	5	4918	24
2145	124	14	523	25
2146	124	9	3254	30
2147	124	15	4987	30
2148	124	26	1462	32
2149	124	30	2348	25
2150	124	8	4386	37
2151	124	4	963	34
2152	124	25	3038	26
2153	124	12	3646	37
2154	124	13	4154	25
2155	124	3	2651	27
2156	125	57	12006	99
2157	125	74	16963	85
2158	125	54	8331	77
2159	125	48	5375	70
2160	125	66	5503	83
2161	125	75	6491	99
2162	125	69	20971	52
2163	125	53	12006	58
2164	125	77	15506	94
2165	125	78	13830	71
2166	125	60	14726	66
2167	125	44	22805	55
2168	125	73	24462	75
2169	125	39	16052	85
2170	125	50	19775	92
2171	125	45	24792	50
2172	125	80	19654	59
2173	125	35	19494	77
2174	125	59	6602	91
2175	126	41	19921	53
2176	126	67	12034	58
2177	126	53	13025	73
2178	126	42	10113	81
2179	126	46	20804	57
2180	126	37	15011	82
2181	126	75	5337	68
2182	126	38	5966	64
2183	126	57	16770	70
2184	126	35	11484	94
2185	126	55	23074	54
2186	126	56	22874	76
2187	126	54	20794	85
2188	126	71	18276	76
2189	126	45	8730	74
2190	126	79	16158	84
2191	127	56	16419	52
2192	127	72	6184	86
2193	127	49	9260	96
2194	127	38	23737	73
2195	127	71	20419	55
2196	127	45	12588	86
2197	127	55	16135	97
2198	127	65	16447	94
2199	127	46	18222	86
2200	127	57	22145	91
2201	127	59	18872	85
2202	127	62	21856	97
2203	127	69	5014	93
2204	127	74	6318	69
2205	127	51	19713	92
2206	127	43	10987	82
2207	127	54	15561	81
2208	127	75	24860	56
2209	127	52	13602	59
2210	127	47	5099	75
2211	128	74	22003	70
2212	128	37	11266	87
2213	128	36	20689	81
2214	128	46	16684	94
2215	128	60	7026	78
2216	128	48	18272	86
2217	128	44	11778	77
2218	128	64	15739	85
2219	128	62	21248	67
2220	128	54	15628	50
2221	128	73	15509	80
2222	128	61	13090	57
2223	128	80	10090	50
2224	128	66	19680	59
2225	128	78	20620	74
2226	128	43	5601	80
2227	128	57	15849	83
2228	128	67	20393	65
2229	128	77	16371	75
2230	128	56	13376	76
2231	128	49	15853	53
2232	129	75	18113	59
2233	129	72	15510	58
2234	129	67	9640	50
2235	129	49	20659	93
2236	129	77	9010	92
2237	129	73	21437	96
2238	129	80	21625	63
2239	129	41	23748	72
2240	129	57	23400	82
2241	129	59	17004	55
2242	129	64	13758	82
2243	129	69	10765	67
2244	129	61	5868	55
2245	129	53	9690	66
2246	129	60	18631	53
2247	129	70	9610	95
2248	129	79	21215	100
2249	129	76	24367	75
2250	129	48	24203	70
2251	129	78	15342	69
2252	129	39	13452	65
2253	129	44	24661	73
2254	129	37	13715	98
2255	129	38	16795	89
2256	130	35	8735	99
2257	130	37	10314	63
2258	130	52	7685	67
2259	130	63	21201	99
2260	130	39	21565	62
2261	130	50	21632	87
2262	130	64	5579	64
2263	130	45	15469	60
2264	130	61	15445	96
2265	130	68	7508	72
2266	130	80	10328	88
2267	130	67	20873	68
2268	130	53	5359	80
2269	130	46	12280	91
2270	130	38	14553	51
2271	130	71	23361	61
2272	130	77	16699	56
2273	130	41	9918	80
2274	131	61	15390	95
2275	131	70	16292	73
2276	131	46	23800	99
2277	131	62	6651	50
2278	131	40	5416	95
2279	131	52	24039	52
2280	131	44	23478	90
2281	131	73	6598	86
2282	131	80	6213	70
2283	131	50	10824	84
2284	131	78	22825	88
2285	131	47	17275	67
2286	131	38	15816	84
2287	131	51	6016	56
2288	131	72	14177	96
2289	131	66	12503	68
2290	131	65	17780	89
2291	131	49	14938	98
2292	131	55	10977	70
2293	131	37	5751	83
2294	131	54	23315	68
2295	131	77	24078	96
2296	131	39	24589	95
2297	131	36	19538	62
2298	132	44	19441	94
2299	132	74	24261	58
2300	132	40	19523	50
2301	132	57	10847	98
2302	132	69	13785	66
2303	132	45	12373	87
2304	132	62	18468	61
2305	132	37	14200	95
2306	132	35	22158	89
2307	132	72	23532	66
2308	132	60	21061	57
2309	132	65	22006	99
2310	132	77	17198	59
2311	132	46	9199	52
2312	132	50	12952	77
2313	132	63	15813	81
2314	132	70	13681	66
2315	132	71	7150	56
2316	132	79	22106	59
2317	132	75	17437	50
2318	132	48	22363	86
2319	132	59	14799	87
2320	133	73	21655	63
2321	133	63	19844	72
2322	133	58	7738	59
2323	133	46	22960	52
2324	133	54	5180	95
2325	133	55	20082	85
2326	133	52	11331	86
2327	133	76	8695	75
2328	133	35	15439	78
2329	133	40	16521	79
2330	133	67	8379	95
2331	133	77	24305	82
2332	133	51	9771	95
2333	133	61	8686	71
2334	133	68	16678	56
2335	133	75	17286	65
2336	133	50	20829	68
2337	133	56	22551	66
2338	133	70	21149	58
2339	133	49	14860	78
2340	133	53	24345	84
2341	133	36	23376	61
2342	134	44	23442	75
2343	134	39	15321	90
2344	134	42	11966	82
2345	134	35	8021	73
2346	134	53	15818	68
2347	134	49	5453	95
2348	134	41	24719	65
2349	134	47	8881	84
2350	134	48	13432	57
2351	134	36	10446	62
2352	134	74	16762	76
2353	134	78	14894	52
2354	134	50	9271	67
2355	134	54	15172	94
2356	134	46	20541	97
2357	134	70	15812	73
2358	134	55	7447	86
2359	135	49	5168	53
2360	135	61	18669	94
2361	135	67	19323	72
2362	135	71	15081	87
2363	135	63	23983	59
2364	135	55	14838	87
2365	135	74	6424	82
2366	135	65	10660	68
2367	135	72	7305	76
2368	135	52	23068	98
2369	135	79	13814	61
2370	135	37	11160	95
2371	135	36	15803	86
2372	136	62	7100	76
2373	136	69	17997	81
2374	136	53	6828	63
2375	136	65	19521	66
2376	136	38	16206	63
2377	136	66	13930	67
2378	136	59	12060	67
2379	136	42	22349	62
2380	136	60	15063	62
2381	136	44	17697	53
2382	136	61	24399	93
2383	136	67	22882	55
2384	136	75	23531	74
2385	136	71	18362	69
2386	136	41	17381	88
2387	136	40	22863	91
2388	136	72	9526	99
2389	136	47	18472	81
2390	136	37	9052	71
2391	137	51	14560	86
2392	137	38	7878	64
2393	137	69	6334	79
2394	137	71	21567	70
2395	137	54	6349	91
2396	137	44	13819	73
2397	137	68	21904	68
2398	137	67	16160	72
2399	137	36	6300	97
2400	137	45	8181	50
2401	137	60	14019	64
2402	137	80	22040	64
2403	137	72	20418	75
2404	137	59	7388	61
2405	137	56	10499	95
2406	137	74	11090	88
2407	137	70	17907	68
2408	137	61	24603	88
2409	137	77	11049	55
2410	137	37	7715	63
2411	137	63	17214	76
2412	137	79	11874	96
2413	137	75	20766	77
2414	137	39	23115	68
2415	137	62	16417	51
2416	138	79	14546	55
2417	138	50	5900	97
2418	138	62	12804	83
2419	138	69	11104	80
2420	138	64	17923	51
2421	138	70	18661	71
2422	138	53	21806	91
2423	138	68	17750	97
2424	138	35	8048	56
2425	138	60	7422	70
2426	138	75	6279	85
2427	138	39	20604	60
2428	138	63	17372	65
2429	138	73	23261	70
2430	138	47	9376	77
2431	138	72	5992	78
2432	138	67	9959	56
2433	138	56	21186	61
2434	138	48	20744	76
2435	138	46	7033	82
2436	138	51	6804	62
2437	138	44	10453	90
2438	138	43	16380	67
2439	138	74	6963	87
2440	138	36	10223	69
2441	139	76	9250	88
2442	139	38	10848	91
2443	139	61	14340	66
2444	139	64	22026	88
2445	139	42	9294	91
2446	139	69	5763	87
2447	139	77	12448	61
2448	139	35	15169	86
2449	139	51	9746	79
2450	139	37	16553	96
2451	139	53	6824	85
2452	139	73	14162	59
2453	139	57	14918	86
2454	139	74	24604	61
2455	139	36	15229	86
2456	139	78	8426	87
2457	139	49	10329	76
2458	139	47	9974	100
2459	140	47	15518	69
2460	140	45	9385	90
2461	140	39	11301	100
2462	140	36	22314	96
2463	140	37	20775	98
2464	140	67	11232	86
2465	140	65	10116	82
2466	140	66	22802	64
2467	140	80	9675	55
2468	140	56	23803	61
2469	140	60	18926	97
2470	140	76	9891	65
2471	140	69	17365	57
2472	140	78	22004	81
2473	140	51	20869	85
2474	141	76	5014	55
2475	141	74	19318	77
2476	141	69	24243	58
2477	141	54	13939	94
2478	141	39	23438	80
2479	141	72	21888	99
2480	141	80	15143	68
2481	141	53	14729	58
2482	141	59	23269	99
2483	141	66	17779	91
2484	141	49	15728	90
2485	141	78	19732	73
2486	141	50	6478	71
2487	141	77	20618	55
2488	141	41	18891	64
2489	141	58	21647	96
2490	142	80	21202	63
2491	142	54	13816	85
2492	142	35	19145	92
2493	142	49	22336	68
2494	142	69	6267	56
2495	142	39	11517	68
2496	142	65	20259	62
2497	142	60	12349	85
2498	142	73	10498	91
2499	142	43	14432	82
2500	142	44	21319	82
2501	142	56	8867	99
2502	142	61	12134	50
2503	142	41	21454	96
2504	142	76	11155	93
2505	142	79	10060	54
2506	142	64	5157	93
2507	143	71	13282	95
2508	143	58	15826	60
2509	143	36	22687	99
2510	143	70	10976	71
2511	143	56	24430	78
2512	143	78	17425	70
2513	143	51	10851	96
2514	143	41	18867	73
2515	143	52	15074	77
2516	143	40	16548	65
2517	143	37	5295	59
2518	143	50	8230	87
2519	143	39	9636	73
2520	143	53	10486	57
2521	143	73	11828	58
2522	143	80	17300	84
2523	143	69	11164	71
2524	143	59	8601	89
2525	143	79	6687	89
2526	143	47	11468	57
2527	143	35	24880	72
2528	143	76	16579	94
2529	144	78	12695	82
2530	144	38	11395	95
2531	144	58	18516	95
2532	144	59	9350	70
2533	144	44	15927	51
2534	144	76	6850	50
2535	144	48	9148	71
2536	144	51	16537	84
2537	144	80	20957	93
2538	144	35	13388	95
2539	144	62	5389	86
2540	144	63	21943	94
2541	144	66	15866	84
2542	144	77	14236	76
2543	144	71	21726	50
2544	144	52	20376	91
2545	144	79	8610	97
2546	144	43	7188	83
2547	144	56	20161	84
2548	144	68	24067	91
2549	144	40	11570	76
2550	145	40	21856	93
2551	145	49	15056	66
2552	145	36	9858	70
2553	145	58	7165	76
2554	145	70	16170	82
2555	145	39	23666	97
2556	145	72	17968	85
2557	145	66	22157	82
2558	145	63	18396	52
2559	145	64	13826	75
2560	145	42	20352	81
2561	145	78	10683	68
2562	145	50	9255	68
2563	145	68	13227	97
2564	145	53	21709	94
2565	145	45	10290	61
2566	145	47	23933	75
2567	145	51	8654	75
2568	145	48	17802	91
2569	145	37	5393	78
2570	145	46	16750	55
2571	145	69	20329	79
2572	145	54	19814	100
2573	146	64	16193	82
2574	146	80	6975	81
2575	146	40	23476	85
2576	146	63	24553	71
2577	146	37	19839	59
2578	146	35	22491	92
2579	146	77	14054	54
2580	146	74	24573	95
2581	146	44	12607	91
2582	146	54	12562	62
2583	146	46	22052	99
2584	146	69	14299	96
2585	146	52	12126	80
2586	146	45	10571	76
2587	146	61	24887	50
2588	146	76	8780	91
2589	146	55	10258	58
2590	146	79	14122	50
2591	146	71	14015	74
2592	146	60	10167	85
2593	146	66	9599	62
2594	146	41	6549	56
2595	146	70	17262	55
2596	147	54	23524	86
2597	147	78	13484	55
2598	147	56	17810	78
2599	147	63	12214	54
2600	147	48	11616	73
2601	147	61	16857	75
2602	147	45	6328	78
2603	147	44	16763	68
2604	147	55	5820	59
2605	147	66	10309	52
2606	147	71	10468	65
2607	147	65	10902	67
2608	147	77	8686	66
2609	147	72	14747	57
2610	147	47	23946	67
2611	147	80	6121	72
2612	147	74	5757	57
2613	148	55	13552	63
2614	148	60	14600	67
2615	148	78	18323	70
2616	148	62	16401	97
2617	148	45	10704	88
2618	148	76	12490	90
2619	148	38	6807	50
2620	148	41	6342	100
2621	148	42	12123	88
2622	148	37	16003	78
2623	148	43	17747	93
2624	148	40	15995	62
2625	148	72	22550	58
2626	148	48	14237	67
2627	148	70	16413	70
2628	148	71	24071	77
2629	148	44	11267	51
2630	148	74	21947	92
2631	148	35	14546	99
2632	148	79	14335	76
2633	148	58	12984	62
2634	148	51	15795	94
2635	148	75	17700	50
2636	149	68	8461	85
2637	149	40	6775	100
2638	149	63	24573	74
2639	149	75	22723	64
2640	149	67	5976	95
2641	149	55	10948	90
2642	149	43	24540	87
2643	149	60	24304	62
2644	149	73	14988	71
2645	149	53	11646	65
2646	149	78	16658	97
2647	149	66	6690	75
2648	149	69	20491	71
2649	149	76	22545	68
2650	149	77	12846	87
2651	149	37	8841	63
2652	149	61	22236	60
2653	149	74	22426	54
2654	149	70	17343	81
2655	149	46	5379	76
2656	149	62	10857	88
2657	149	57	7865	73
2658	150	48	11683	59
2659	150	80	12841	68
2660	150	64	16487	83
2661	150	36	19939	79
2662	150	75	7649	56
2663	150	55	5935	62
2664	150	74	7947	72
2665	150	60	13216	93
2666	150	51	14212	60
2667	150	50	9472	96
2668	150	53	14043	53
2669	150	62	11265	75
2670	150	39	21369	63
2671	150	67	19645	80
2672	150	61	8090	62
2673	150	44	7358	86
2674	150	54	14808	53
2675	150	79	6915	61
2676	150	57	15977	67
2677	150	73	7900	89
2678	150	69	12120	81
2679	151	78	13202	64
2680	151	56	12977	70
2681	151	58	5563	51
2682	151	79	7206	65
2683	151	46	23898	79
2684	151	48	11011	87
2685	151	74	16283	60
2686	151	64	23849	54
2687	151	52	12206	74
2688	151	69	12439	63
2689	151	67	14914	62
2690	151	45	9123	79
2691	151	40	23805	95
2692	151	37	9031	51
2693	151	55	23843	51
2694	152	65	19858	55
2695	152	49	8146	87
2696	152	44	24740	57
2697	152	74	22305	88
2698	152	41	15795	80
2699	152	76	23756	78
2700	152	64	20327	52
2701	152	42	18747	93
2702	152	36	16936	78
2703	152	62	12893	68
2704	152	72	22054	51
2705	152	67	17295	64
2706	152	57	16374	87
2707	152	80	18886	55
2708	152	66	22398	75
2709	152	38	8694	77
2710	152	60	9799	96
2711	152	56	5901	61
2712	152	54	14978	70
2713	152	78	8221	66
2714	152	79	18157	93
2715	152	68	8030	81
2716	153	63	19302	99
2717	153	75	13064	51
2718	153	74	14705	55
2719	153	45	18872	67
2720	153	68	20115	67
2721	153	47	7464	83
2722	153	49	22439	63
2723	153	72	20376	50
2724	153	69	24349	94
2725	153	67	8058	73
2726	153	60	16324	52
2727	153	79	13833	94
2728	153	43	10156	75
2729	153	59	5298	92
2730	153	58	24707	82
2731	153	46	6351	79
2732	153	55	20729	52
2733	153	53	16673	59
2734	153	35	9585	93
2735	153	66	24070	95
2736	153	40	24915	64
2737	153	64	9060	59
2738	154	71	6223	59
2739	154	49	5932	78
2740	154	38	18441	90
2741	154	64	18572	77
2742	154	67	15350	65
2743	154	37	19168	67
2744	154	61	21034	95
2745	154	56	14119	76
2746	154	72	15550	82
2747	154	73	13861	64
2748	154	43	22915	75
2749	154	41	15427	63
2750	154	63	15915	93
2751	154	58	17312	87
2752	154	44	9114	63
2753	154	55	13124	55
2754	154	48	5753	69
2755	154	68	21350	60
2756	154	75	8666	79
2757	154	54	20780	99
2758	154	79	15967	70
2759	154	50	5853	71
2760	154	60	22929	57
2761	154	69	9040	94
2762	154	59	15544	75
2763	154	78	10136	99
2764	154	47	20433	54
2765	155	48	24804	98
2766	155	58	5698	73
2767	155	76	7640	69
2768	155	62	13470	71
2769	155	67	7309	78
2770	155	63	13740	84
2771	155	43	24390	64
2772	155	66	23584	66
2773	155	71	7595	83
2774	155	39	19953	80
2775	155	61	8371	80
2776	155	74	24998	55
2777	155	47	12931	91
2778	155	68	8870	92
2779	155	75	21412	92
2780	155	53	16866	70
2781	155	52	7674	82
2782	155	77	11293	51
2783	155	79	16073	66
2784	155	41	8205	75
2785	155	72	23004	69
2786	155	42	22513	85
2787	155	78	24830	64
2788	156	72	6154	91
2789	156	62	21705	89
2790	156	69	5278	57
2791	156	54	15367	95
2792	156	57	22762	97
2793	156	68	24558	73
2794	156	42	12359	90
2795	156	40	15483	76
2796	156	49	12624	99
2797	156	73	20673	97
2798	156	35	6710	93
2799	156	41	10860	98
2800	156	50	7619	56
2801	156	59	15115	84
2802	156	45	20909	62
2803	156	64	20054	56
2804	156	63	15960	74
2805	157	45	5860	56
2806	157	48	13688	63
2807	157	39	24276	50
2808	157	44	23198	66
2809	157	79	10900	99
2810	157	66	18758	74
2811	157	57	15529	98
2812	157	71	17066	72
2813	157	67	6401	75
2814	157	75	5851	73
2815	157	50	20005	61
2816	157	69	22511	85
2817	157	52	16886	61
2818	157	63	10696	68
2819	157	40	23294	68
2820	157	59	13302	68
2821	157	41	11507	72
2822	157	51	10401	78
2823	157	80	9970	88
2824	158	68	9271	78
2825	158	72	6099	84
2826	158	73	12536	60
2827	158	62	15185	82
2828	158	71	13456	68
2829	158	40	10073	51
2830	158	74	20466	98
2831	158	49	9428	82
2832	158	56	7060	86
2833	158	63	15142	91
2834	158	47	24641	51
2835	158	42	18642	76
2836	158	57	6139	73
2837	158	38	12652	50
2838	158	54	17777	97
2839	158	45	14139	83
2840	158	48	19656	83
2841	158	50	6889	74
2842	158	60	20654	77
2843	158	44	15130	56
2844	159	42	23199	72
2845	159	80	9158	66
2846	159	47	14849	71
2847	159	62	10197	98
2848	159	49	5887	71
2849	159	74	16768	63
2850	159	79	11311	65
2851	159	63	8881	82
2852	159	48	20956	92
2853	159	40	5759	86
2854	159	72	8307	61
2855	159	58	19440	61
2856	159	64	9870	90
2857	159	73	17833	62
2858	159	53	21567	97
2859	159	56	18034	65
2860	159	46	19876	94
2861	159	70	23014	60
2862	159	65	13013	72
2863	160	78	22606	77
2864	160	71	22044	61
2865	160	73	20383	85
2866	160	79	21218	55
2867	160	77	12217	91
2868	160	57	15185	92
2869	160	55	22224	89
2870	160	60	13435	74
2871	160	39	7164	50
2872	160	69	17094	60
2873	160	62	14849	52
2874	160	45	11798	83
2875	160	49	5063	72
2876	160	68	9101	70
2877	160	36	5696	71
2878	160	53	21049	91
2879	160	70	6293	87
2880	160	56	22294	61
2881	160	66	12244	70
2882	160	80	20414	97
2883	160	61	23521	67
2884	160	40	9105	80
2885	160	65	13914	56
2886	160	59	15094	80
2887	160	75	15941	100
2888	160	48	20350	74
2889	160	43	20887	63
2890	161	64	18717	83
2891	161	40	24518	68
2892	161	48	15471	62
2893	161	45	13455	85
2894	161	37	13253	88
2895	161	47	22574	99
2896	161	46	20989	85
2897	161	78	17881	56
2898	161	50	24375	79
2899	161	52	15920	96
2900	161	41	6766	75
2901	161	56	18193	79
2902	161	69	13041	65
2903	161	60	22753	82
2904	161	75	10738	86
2905	161	79	17763	82
2906	161	65	7100	70
2907	161	66	10077	59
2908	161	71	20404	50
2909	161	74	15872	92
2910	161	49	22701	91
2911	162	60	6284	90
2912	162	40	8906	87
2913	162	67	6108	81
2914	162	75	23853	75
2915	162	62	17969	82
2916	162	36	19009	57
2917	162	37	24577	78
2918	162	66	13403	95
2919	162	42	15918	61
2920	162	53	10100	79
2921	162	79	17100	85
2922	162	52	13662	95
2923	162	61	17417	83
2924	163	60	16101	51
2925	163	54	10735	69
2926	163	38	17287	51
2927	163	73	12956	91
2928	163	53	19536	51
2929	163	45	15233	92
2930	163	69	14897	53
2931	163	35	24051	61
2932	163	70	15543	80
2933	163	41	20983	55
2934	163	58	20563	51
2935	163	49	10885	87
2936	163	71	14144	66
2937	163	44	20883	51
2938	163	43	20217	92
2939	163	66	6994	62
2940	163	52	9282	91
2941	163	75	18515	99
2942	163	61	13169	90
2943	163	80	19258	57
2944	163	46	12596	57
2945	164	59	9476	66
2946	164	58	23057	88
2947	164	35	16499	82
2948	164	56	14774	52
2949	164	78	20333	74
2950	164	37	12158	54
2951	164	54	6893	82
2952	164	39	17117	66
2953	164	64	9499	55
2954	164	44	18954	75
2955	164	79	22481	96
2956	164	55	5617	67
2957	164	77	22768	96
2958	164	42	17369	90
2959	164	65	22005	77
2960	164	40	21760	87
2961	165	35	21268	82
2962	165	77	10158	72
2963	165	54	14595	66
2964	165	73	24472	76
2965	165	42	9555	85
2966	165	46	23359	51
2967	165	41	22460	77
2968	165	43	17695	82
2969	165	59	24893	93
2970	165	68	14040	83
2971	165	57	20157	86
2972	165	45	16800	65
2973	165	36	20561	52
2974	165	38	21865	55
2975	165	50	10816	73
2976	165	71	13137	96
2977	165	48	16164	86
2978	165	80	7877	80
2979	165	67	24917	100
2980	165	74	10408	56
2981	165	72	23272	73
2982	165	44	22884	90
2983	165	65	23481	80
2984	166	37	16082	50
2985	166	71	12057	100
2986	166	56	5525	95
2987	166	57	12959	54
2988	166	78	20014	54
2989	166	69	20207	64
2990	166	61	8535	86
2991	166	73	15599	61
2992	166	59	16569	57
2993	166	60	14084	64
2994	166	43	21741	98
2995	166	47	16041	78
2996	166	67	20613	51
2997	166	62	5822	72
2998	166	53	8361	83
2999	166	42	20962	67
3000	166	38	23925	85
3001	166	75	20765	85
3002	166	48	8103	76
3003	166	80	22336	78
3004	166	55	21391	65
3005	167	73	15135	80
3006	167	44	24890	56
3007	167	35	5200	86
3008	167	66	6814	70
3009	167	54	14026	95
3010	167	48	16562	71
3011	167	51	11227	54
3012	167	53	6070	97
3013	167	57	10835	69
3014	167	55	17552	58
3015	167	45	23291	69
3016	167	68	9150	76
3017	167	78	9010	90
3018	167	40	8286	95
3019	167	64	14761	94
3020	167	71	23670	74
3021	167	37	9918	53
3022	167	75	8685	79
3023	167	72	6747	88
3024	167	56	16962	80
3025	168	80	19587	91
3026	168	54	15047	71
3027	168	69	20503	72
3028	168	52	14170	63
3029	168	79	12597	76
3030	168	41	18179	69
3031	168	36	8546	93
3032	168	44	5249	81
3033	168	53	7357	64
3034	168	56	7781	51
3035	168	37	18333	69
3036	168	48	8186	76
3037	168	75	11639	98
3038	168	38	23443	80
3039	169	67	14399	52
3040	169	36	13009	89
3041	169	47	21450	52
3042	169	62	23219	65
3043	169	41	19174	73
3044	169	65	16730	53
3045	169	80	10712	99
3046	169	53	14884	96
3047	169	61	7310	56
3048	169	73	14635	91
3049	169	46	8908	56
3050	169	37	18731	70
3051	169	63	20975	93
3052	169	44	9439	80
3053	169	60	21204	57
3054	169	51	12624	65
3055	169	35	18373	99
3056	169	69	18859	54
3057	169	55	13591	60
3058	169	75	19121	76
3059	169	59	10831	72
3060	169	77	23117	67
3061	169	54	13868	90
3062	169	43	15648	100
3063	169	68	15634	97
3064	170	62	10195	62
3065	170	40	7000	53
3066	170	42	5266	79
3067	170	45	9740	92
3068	170	49	10247	50
3069	170	55	18185	97
3070	170	63	5573	89
3071	170	47	18202	52
3072	170	79	22739	73
3073	170	80	8855	84
3074	170	60	5806	67
3075	170	36	18374	94
3076	170	46	15512	76
3077	170	71	18265	89
3078	170	54	19651	83
3079	170	52	8768	81
3080	170	76	7089	87
3081	170	67	16375	61
3082	170	39	22278	91
3083	171	68	13225	52
3084	171	79	8846	61
3085	171	51	15977	64
3086	171	76	20346	79
3087	171	71	7377	99
3088	171	67	7928	61
3089	171	53	11835	60
3090	171	49	19599	62
3091	171	77	8043	88
3092	171	69	21993	53
3093	171	56	8781	69
3094	171	55	9371	100
3095	171	54	14713	65
3096	171	48	22958	54
3097	171	64	12520	54
3098	171	36	6807	75
3099	171	46	6865	74
3100	171	66	9086	55
3101	171	42	19816	60
3102	171	44	16014	76
3103	171	35	17272	59
3104	171	62	12993	90
3105	172	37	6626	52
3106	172	71	5934	56
3107	172	55	17136	58
3108	172	77	24847	56
3109	172	56	22701	74
3110	172	67	10351	69
3111	172	51	15122	81
3112	172	58	12358	69
3113	172	65	9821	78
3114	172	53	8490	65
3115	172	61	17197	80
3116	172	80	20724	58
3117	172	41	24090	97
3118	172	63	7962	68
3119	172	66	19986	95
3120	172	48	20327	95
3121	172	70	5774	63
3122	172	50	13280	72
3123	172	68	6280	63
3124	172	45	11440	65
3125	172	76	5381	98
3126	173	80	15311	83
3127	173	56	14250	88
3128	173	57	9568	64
3129	173	36	8108	76
3130	173	39	22988	61
3131	173	77	10947	92
3132	173	72	23491	67
3133	173	66	17194	76
3134	173	59	22731	74
3135	173	38	9303	96
3136	173	64	9994	91
3137	173	53	5684	98
3138	173	46	7711	52
3139	173	52	8257	67
3140	173	54	5702	95
3141	173	63	16000	82
3142	173	71	8781	73
3143	173	60	12651	65
3144	173	43	6085	81
3145	173	76	12033	58
3146	173	73	5614	96
3147	174	58	8495	69
3148	174	78	12527	72
3149	174	38	5784	55
3150	174	72	13984	100
3151	174	73	24958	59
3152	174	39	20165	93
3153	174	61	10643	71
3154	174	36	13187	66
3155	174	49	10710	70
3156	174	48	20726	72
3157	174	47	5694	71
3158	174	55	11884	77
3159	174	40	5661	61
3160	174	41	6962	79
3161	174	35	20540	80
3162	174	56	6838	87
3163	174	50	6370	76
3164	174	64	16794	77
3165	174	71	21168	99
3166	174	52	22234	86
3167	174	69	12985	88
3168	174	37	24914	61
3169	175	49	16472	77
3170	175	62	22035	50
3171	175	78	23309	73
3172	175	47	9754	91
3173	175	77	10176	67
3174	175	36	21727	66
3175	175	42	16981	60
3176	175	44	22811	78
3177	175	68	8658	97
3178	175	60	11334	93
3179	175	54	11038	58
3180	175	79	7669	89
3181	175	71	16521	71
3182	175	43	17120	93
3183	175	48	11542	76
3184	175	73	12634	54
3185	175	74	11297	54
3186	175	46	9589	99
3187	175	35	15599	54
3188	175	65	18320	52
3189	175	66	16081	58
3190	175	53	10008	99
3191	176	75	22010	75
3192	176	49	24978	90
3193	176	66	16599	86
3194	176	52	17309	94
3195	176	57	24675	53
3196	176	65	14572	56
3197	176	53	15809	85
3198	176	70	7590	88
3199	176	80	17851	79
3200	176	58	21805	57
3201	176	55	23277	66
3202	176	54	18232	75
3203	176	71	22212	93
3204	176	60	8811	63
3205	176	51	17720	69
3206	176	77	23169	60
3207	176	35	22385	70
3208	176	74	6220	70
3209	176	44	23491	90
3210	176	61	8519	96
3211	176	42	9991	54
3212	176	56	19989	53
3213	176	68	8628	52
3214	176	45	18136	56
3215	176	41	21485	70
3216	177	44	21323	84
3217	177	66	21184	62
3218	177	54	18119	69
3219	177	62	15404	75
3220	177	75	6460	55
3221	177	38	7514	82
3222	177	57	6435	75
3223	177	42	12341	86
3224	177	40	22137	94
3225	177	43	18482	76
3226	177	71	6189	82
3227	177	53	24436	61
3228	177	58	20202	68
3229	177	78	14399	82
3230	177	63	20721	76
3231	177	36	10759	61
3232	177	56	24635	84
3233	177	61	21670	100
3234	177	59	19754	97
3235	177	80	15199	97
3236	178	39	8758	78
3237	178	45	12853	84
3238	178	60	11004	54
3239	178	53	15602	74
3240	178	69	20361	86
3241	178	76	24105	94
3242	178	70	12490	81
3243	178	65	8054	52
3244	178	57	13891	84
3245	178	62	9912	90
3246	178	79	9514	54
3247	178	78	15027	78
3248	178	73	12865	96
3249	178	80	19905	72
3250	178	43	21972	63
3251	178	37	20626	62
3252	178	71	18000	59
3253	178	75	5327	69
3254	178	54	14241	57
3255	178	68	24391	55
3256	178	38	23664	87
3257	178	49	22552	57
3258	178	36	15493	95
3259	179	53	10791	96
3260	179	68	7522	100
3261	179	77	14216	86
3262	179	66	21658	68
3263	179	57	12263	65
3264	179	46	13771	95
3265	179	56	6497	87
3266	179	39	10726	73
3267	179	49	19230	99
3268	179	67	5257	56
3269	179	58	9797	83
3270	179	47	20606	96
3271	179	74	9871	60
3272	179	80	10572	74
3273	179	71	14429	54
3274	179	35	6333	51
3275	179	37	19294	78
3276	179	48	19612	91
3277	179	54	22169	57
3278	179	63	5047	60
3279	179	62	8225	91
3280	179	64	6416	95
3281	180	41	22634	63
3282	180	66	15392	65
3283	180	63	19201	60
3284	180	54	20573	91
3285	180	40	23498	51
3286	180	52	20441	86
3287	180	70	7418	78
3288	180	44	12333	71
3289	180	69	10259	74
3290	180	49	17233	70
3291	180	80	12032	81
3292	180	46	24931	97
3293	180	57	15108	81
3294	180	56	19834	52
3295	180	73	17912	80
3296	180	72	10002	53
3297	180	62	9326	77
3298	180	68	7954	83
3299	181	52	20105	98
3300	181	80	15172	94
3301	181	71	20956	73
3302	181	62	18210	86
3303	181	42	21200	96
3304	181	58	17935	60
3305	181	59	23897	55
3306	181	69	10082	56
3307	181	54	16569	56
3308	181	38	13726	64
3309	181	51	14274	98
3310	181	45	22219	56
3311	181	74	15382	65
3312	181	46	9685	82
3313	181	44	12193	54
3314	181	63	20444	56
3315	181	56	20181	59
3316	181	77	19032	61
3317	181	65	15105	59
3318	181	72	16001	54
3319	182	42	23782	61
3320	182	44	21567	79
3321	182	76	13868	64
3322	182	79	6575	96
3323	182	49	13372	75
3324	182	63	5537	84
3325	182	70	8519	73
3326	182	73	19112	61
3327	182	65	8933	56
3328	182	74	18848	89
3329	182	60	22875	76
3330	182	40	24590	98
3331	182	51	22365	97
3332	182	69	18039	79
3333	182	52	14885	74
3334	182	54	14930	71
3335	182	55	8974	77
3336	183	76	10768	64
3337	183	64	23956	80
3338	183	40	11824	63
3339	183	60	22203	89
3340	183	53	24719	63
3341	183	70	17730	74
3342	183	52	14272	61
3343	183	72	16094	74
3344	183	50	17081	83
3345	183	48	23522	72
3346	183	80	18574	55
3347	183	47	8425	50
3348	183	46	18306	97
3349	183	77	6143	65
3350	183	65	11642	72
3351	183	56	17594	62
3352	183	62	18678	58
3353	183	63	16455	69
3354	183	37	13407	68
3355	183	73	22564	97
3356	183	57	24425	86
3357	183	78	17556	94
3358	183	36	18264	95
3359	184	51	23949	74
3360	184	75	12129	91
3361	184	50	23515	63
3362	184	43	24339	67
3363	184	60	20086	79
3364	184	74	11651	61
3365	184	79	21029	60
3366	184	44	13923	63
3367	184	54	24066	63
3368	184	61	9864	88
3369	184	80	21369	64
3370	184	72	13056	59
3371	184	37	17575	74
3372	184	49	11642	72
3373	184	68	24538	59
3374	184	47	20754	81
3375	184	64	12407	53
3376	184	36	9190	82
3377	184	45	22604	96
3378	185	69	15672	56
3379	185	55	12286	79
3380	185	42	24400	55
3381	185	70	13393	98
3382	185	78	22172	100
3383	185	40	5177	67
3384	185	54	17437	56
3385	185	41	8783	99
3386	185	43	11215	97
3387	185	75	7633	51
3388	185	76	15765	92
3389	185	49	7389	69
3390	185	79	5382	63
3391	185	36	10628	79
3392	185	60	5568	54
3393	185	38	8396	86
3394	185	58	11107	65
3395	185	61	21270	54
3396	186	56	23336	99
3397	186	75	23074	76
3398	186	68	9229	68
3399	186	36	18239	96
3400	186	70	13471	82
3401	186	42	12225	65
3402	186	67	21921	98
3403	186	54	13479	92
3404	186	59	9983	64
3405	186	64	8927	73
3406	186	66	6458	56
3407	186	61	24942	56
3408	186	55	5339	97
3409	186	69	12028	71
3410	186	71	21020	91
3411	186	79	17765	73
3412	186	35	15308	59
3413	186	48	10548	60
3414	187	77	13961	63
3415	187	47	6664	61
3416	187	65	7887	83
3417	187	60	14615	82
3418	187	67	23657	76
3419	187	74	6160	96
3420	187	70	15804	60
3421	187	54	14605	68
3422	187	46	13858	73
3423	187	72	7582	79
3424	187	49	11440	85
3425	187	53	11093	56
3426	187	51	10225	52
3427	187	71	10093	56
3428	187	76	17540	96
3429	187	42	10978	71
3430	187	37	11228	86
3431	187	43	5519	86
3432	187	75	19015	78
3433	187	36	16427	54
3434	187	39	7244	79
3435	187	64	11829	61
3436	188	42	13780	90
3437	188	63	12143	84
3438	188	50	22682	93
3439	188	45	5139	90
3440	188	37	24041	78
3441	188	75	14415	59
3442	188	65	9783	100
3443	188	35	18307	96
3444	188	73	16686	67
3445	188	79	13314	93
3446	188	39	19148	91
3447	188	36	13113	86
3448	188	74	5917	94
3449	188	60	16718	50
3450	188	55	16925	94
3451	188	43	18380	94
3452	188	51	20490	83
3453	188	44	19362	91
3454	188	56	17916	53
3455	188	53	17057	96
3456	188	58	17836	81
3457	189	62	18462	58
3458	189	44	14507	72
3459	189	43	16605	55
3460	189	56	22256	62
3461	189	72	22795	51
3462	189	75	18358	96
3463	189	63	16955	53
3464	189	51	13270	99
3465	189	61	16698	100
3466	189	65	21986	58
3467	189	49	8438	67
3468	189	53	16477	99
3469	189	58	17305	81
3470	189	59	22025	71
3471	189	36	6645	82
3472	189	77	14381	92
3473	189	55	22733	62
3474	189	69	18172	84
3475	189	80	9986	95
3476	190	52	11664	66
3477	190	70	21304	95
3478	190	59	19602	60
3479	190	42	17527	58
3480	190	40	22594	84
3481	190	47	21972	78
3482	190	76	9848	52
3483	190	77	15140	91
3484	190	36	18077	91
3485	190	71	24522	62
3486	190	68	10768	76
3487	190	62	15290	54
3488	190	67	5888	57
3489	190	69	7052	75
3490	190	41	7802	67
3491	190	37	23608	87
3492	190	61	21561	66
3493	190	63	13901	74
3494	190	60	7653	100
3495	191	66	22818	82
3496	191	56	16875	91
3497	191	61	12845	64
3498	191	57	20691	75
3499	191	60	21293	82
3500	191	54	10218	71
3501	191	62	6992	55
3502	191	45	20061	52
3503	191	55	16136	98
3504	191	51	19158	60
3505	191	67	24245	62
3506	191	37	23999	71
3507	191	72	21257	77
3508	191	59	13721	65
3509	191	68	6816	78
3510	191	46	13330	71
3511	192	37	19866	85
3512	192	51	24165	85
3513	192	55	20468	60
3514	192	42	18093	55
3515	192	60	23322	84
3516	192	47	18425	64
3517	192	76	21242	53
3518	192	61	21325	72
3519	192	59	21937	65
3520	192	65	21468	85
3521	192	56	16178	68
3522	192	50	23037	99
3523	192	52	23158	78
3524	192	53	12710	50
3525	192	44	21177	62
3526	192	40	14951	59
3527	192	80	17578	68
3528	192	72	5817	93
3529	192	75	11016	81
3530	193	53	23919	67
3531	193	37	23245	88
3532	193	51	12743	69
3533	193	71	21913	68
3534	193	79	16576	54
3535	193	69	9397	81
3536	193	78	16462	55
3537	193	61	10615	82
3538	193	62	21079	73
3539	193	54	15971	70
3540	193	46	23649	91
3541	193	64	23658	51
3542	193	63	8179	89
3543	193	70	18857	91
3544	193	52	21220	78
3545	193	80	22329	75
3546	193	43	19412	90
3547	193	48	15402	51
3548	193	65	16131	57
3549	193	59	10290	54
3550	194	46	18268	99
3551	194	70	16836	96
3552	194	37	13983	82
3553	194	50	16714	97
3554	194	78	16131	78
3555	194	59	15175	90
3556	194	63	18402	69
3557	194	45	24436	55
3558	194	48	13131	83
3559	194	69	11955	68
3560	194	64	23354	72
3561	194	36	15118	73
3562	194	58	18905	68
3563	194	75	22310	68
3564	194	55	11177	79
3565	194	54	21806	100
3566	194	56	11192	62
3567	194	38	20634	81
3568	194	79	23515	74
3569	194	62	8412	72
3570	194	44	5753	60
3571	194	61	16301	61
3572	195	80	14090	54
3573	195	77	13870	96
3574	195	78	22444	86
3575	195	43	14411	79
3576	195	66	7906	70
3577	195	51	9408	69
3578	195	37	17840	62
3579	195	40	15357	63
3580	195	39	7001	58
3581	195	79	6683	92
3582	195	75	23955	73
3583	195	48	8064	96
3584	195	44	18266	59
3585	195	62	6912	100
3586	195	71	13916	61
3587	195	56	5141	56
3588	195	72	19079	62
3589	195	50	12825	79
3590	195	38	18412	94
3591	195	52	19971	89
3592	196	46	5887	55
3593	196	62	24246	100
3594	196	69	12359	81
3595	196	51	20889	87
3596	196	54	24958	77
3597	196	44	14085	73
3598	196	52	22560	76
3599	196	64	11903	99
3600	196	42	10752	95
3601	196	70	10416	77
3602	196	65	16261	78
3603	196	74	17533	94
3604	196	75	14024	79
3605	196	38	11054	52
3606	196	41	17798	58
3607	196	71	15522	73
3608	196	45	10139	88
3609	196	57	16964	63
3610	196	68	21945	91
3611	197	58	23924	97
3612	197	57	5053	89
3613	197	41	5317	93
3614	197	67	7804	75
3615	197	56	7797	78
3616	197	36	12453	66
3617	197	39	19801	69
3618	197	59	9233	69
3619	197	75	16328	99
3620	197	72	24293	94
3621	197	66	12134	84
3622	197	71	9700	98
3623	197	35	14926	62
3624	197	74	12302	68
3625	197	77	17729	64
3626	197	63	18926	67
3627	197	47	16332	53
3628	197	44	19263	89
3629	198	68	7609	88
3630	198	63	6484	98
3631	198	79	10703	100
3632	198	36	12430	67
3633	198	48	15962	77
3634	198	66	17664	97
3635	198	62	17804	96
3636	198	37	9675	91
3637	198	61	19080	93
3638	198	60	24722	84
3639	198	46	20341	62
3640	198	55	9161	53
3641	198	44	11165	61
3642	198	67	21920	85
3643	198	75	17270	84
3644	198	54	9728	95
3645	198	64	15287	64
3646	198	53	8239	63
3647	198	74	11173	54
3648	199	53	19043	63
3649	199	78	20715	86
3650	199	51	13674	84
3651	199	72	16151	63
3652	199	35	10161	69
3653	199	79	8257	72
3654	199	70	14632	71
3655	199	48	22023	57
3656	199	63	16236	68
3657	199	44	15935	74
3658	199	58	11109	71
3659	199	75	17021	78
3660	199	59	18709	72
3661	199	49	17576	80
3662	199	43	5495	99
3663	199	60	18116	57
3664	199	74	17980	67
3665	199	41	13216	73
3666	199	80	10415	80
3667	199	45	9500	82
3668	200	52	12041	92
3669	200	71	10724	54
3670	200	40	21941	74
3671	200	78	9297	92
3672	200	68	17378	91
3673	200	56	21442	51
3674	200	54	17832	95
3675	200	63	24659	83
3676	200	51	24910	97
3677	200	75	14386	90
3678	200	58	17155	73
3679	200	73	5850	68
3680	200	43	17642	76
3681	200	57	15226	86
3682	200	38	24495	87
3683	200	35	23002	98
3684	200	67	21872	98
3685	200	72	16007	66
3686	200	74	22634	71
3687	200	66	18863	53
3688	200	47	23342	72
3689	200	50	10511	94
3690	200	53	14613	95
3691	200	39	23505	79
3692	200	79	12199	81
3693	200	45	10122	53
3694	201	56	21761	89
3695	201	69	14926	91
3696	201	66	21403	96
3697	201	44	9975	85
3698	201	67	16515	66
3699	201	75	18089	68
3700	201	45	21342	95
3701	201	49	23554	98
3702	201	74	10324	63
3703	201	62	19163	79
3704	201	50	6020	71
3705	201	52	5942	83
3706	201	78	18498	100
3707	201	40	5719	53
3708	201	72	7958	62
3709	201	54	15504	52
3710	201	57	12969	73
3711	201	73	6389	77
3712	201	41	16276	63
3713	201	46	14532	77
3714	201	80	6083	54
3715	201	36	24719	62
3716	201	77	19349	79
3717	201	42	20939	78
3718	201	37	5455	71
3719	201	71	23861	82
3720	201	68	5867	58
3721	201	53	24297	97
3722	201	43	17965	85
3723	202	80	20754	93
3724	202	62	13878	87
3725	202	35	19264	100
3726	202	67	14041	95
3727	202	69	24286	51
3728	202	56	21404	76
3729	202	37	16072	75
3730	202	74	15403	96
3731	202	76	12645	81
3732	202	65	12113	89
3733	202	40	24082	51
3734	202	55	13730	88
3735	202	44	8992	70
3736	202	45	8069	100
3737	202	51	20160	65
3738	202	50	20647	61
3739	202	41	7611	98
3740	202	60	19124	96
3741	202	75	16056	98
3742	202	61	16705	75
3743	202	57	14305	94
3744	202	48	23353	61
3745	202	49	21448	63
3746	202	72	10147	56
3747	202	63	11911	73
3748	203	55	5666	78
3749	203	69	13745	78
3750	203	49	16701	52
3751	203	65	24179	60
3752	203	71	22028	82
3753	203	74	19280	79
3754	203	66	11888	63
3755	203	42	12153	76
3756	203	80	14365	62
3757	203	73	10522	90
3758	203	62	13102	68
3759	203	67	13578	99
3760	203	50	11065	79
3761	203	63	10907	67
3762	203	48	12765	87
3763	203	75	17148	93
3764	203	44	16852	82
3765	203	57	11547	56
3766	203	53	12588	77
3767	203	46	20881	69
3768	203	43	14747	65
3769	203	58	17222	99
3770	203	54	21231	92
3771	203	60	14219	75
3772	204	64	22320	95
3773	204	59	24863	67
3774	204	53	7531	88
3775	204	47	16198	74
3776	204	68	17838	63
3777	204	57	21724	95
3778	204	43	21130	71
3779	204	42	24717	94
3780	204	44	10011	96
3781	204	52	18908	75
3782	204	73	18473	82
3783	204	70	15436	53
3784	204	78	9849	70
3785	204	49	8787	98
3786	204	61	7873	63
3787	204	48	18755	71
3788	205	38	7150	89
3789	205	42	8025	93
3790	205	49	16762	71
3791	205	74	20522	88
3792	205	37	9468	93
3793	205	43	5078	82
3794	205	60	13842	52
3795	205	44	6713	75
3796	205	46	6037	59
3797	205	53	13144	93
3798	205	80	12704	91
3799	205	51	24936	83
3800	205	64	21331	71
3801	205	41	10586	90
3802	205	61	21273	70
3803	205	57	23196	91
3804	206	38	7422	81
3805	206	42	17469	60
3806	206	39	23353	88
3807	206	51	15005	73
3808	206	69	10824	74
3809	206	54	21032	76
3810	206	57	7226	88
3811	206	70	7160	65
3812	206	78	14414	70
3813	206	55	8844	50
3814	206	43	19715	80
3815	206	72	15089	65
3816	206	76	11724	97
3817	206	74	8990	83
3818	206	37	7334	86
3819	206	64	21128	91
3820	206	53	19571	94
3821	206	58	13255	57
3822	206	48	16099	58
3823	206	40	11256	99
3824	206	45	19696	62
3825	206	61	10974	76
3826	207	73	16372	64
3827	207	59	14112	92
3828	207	54	13222	65
3829	207	58	6265	67
3830	207	56	5948	74
3831	207	64	20150	88
3832	207	53	19295	95
3833	207	36	16291	84
3834	207	79	16318	56
3835	207	71	5535	99
3836	207	69	17608	57
3837	207	49	16043	59
3838	207	60	19852	50
3839	207	39	21188	99
3840	207	41	11254	65
3841	207	52	9227	74
3842	207	40	17906	54
3843	208	54	17261	80
3844	208	37	14743	57
3845	208	45	21986	67
3846	208	71	19528	58
3847	208	75	6492	77
3848	208	39	21433	79
3849	208	67	6359	73
3850	208	48	21898	100
3851	208	55	9362	96
3852	208	73	13577	82
3853	208	58	22562	92
3854	208	59	14564	73
3855	208	62	16118	95
3856	208	76	10404	66
3857	208	38	21216	85
3858	209	53	18727	58
3859	209	76	13395	67
3860	209	39	23684	77
3861	209	43	14943	77
3862	209	46	24842	95
3863	209	67	18374	50
3864	209	68	17542	56
3865	209	40	17241	66
3866	209	61	11126	71
3867	209	62	24055	88
3868	209	63	5676	67
3869	209	38	21636	63
3870	209	55	19487	75
3871	209	65	11510	96
3872	209	56	7831	51
3873	209	80	17845	93
3874	209	70	18330	95
3875	209	52	20047	99
3876	209	50	6395	59
3877	209	78	19931	51
3878	210	41	10522	94
3879	210	45	5172	61
3880	210	50	17140	75
3881	210	62	23629	81
3882	210	68	12746	74
3883	210	40	16899	63
3884	210	70	24382	67
3885	210	51	21487	60
3886	210	55	10704	96
3887	210	75	16120	67
3888	210	43	24676	54
3889	210	38	6544	64
3890	210	36	22657	57
3891	210	71	12320	88
3892	210	79	19589	95
3893	210	57	14476	55
3894	210	60	8598	61
3895	210	44	6924	62
3896	210	80	6724	77
3897	210	47	19140	95
3898	210	69	14155	97
3899	210	74	6279	69
3900	210	76	21229	90
3901	211	63	10711	93
3902	211	46	14402	92
3903	211	56	7459	95
3904	211	67	13311	60
3905	211	80	12200	63
3906	211	49	20250	74
3907	211	66	16866	97
3908	211	51	14692	100
3909	211	35	11855	71
3910	211	61	19640	57
3911	211	36	14016	94
3912	211	39	17450	92
3913	211	74	9624	71
3914	211	60	11902	55
3915	211	70	24978	66
3916	211	57	21997	91
3917	211	53	22752	93
3918	211	62	5618	78
3919	211	38	5852	91
3920	211	78	24090	87
3921	211	40	18868	83
3922	211	75	7864	74
3923	211	52	19469	88
3924	211	42	24398	54
3925	211	41	18510	97
3926	211	68	9076	78
3927	212	59	12022	95
3928	212	77	19166	73
3929	212	44	19182	62
3930	212	48	15484	59
3931	212	55	8036	75
3932	212	72	9488	66
3933	212	61	9295	50
3934	212	71	16950	71
3935	212	80	24998	98
3936	212	37	5516	88
3937	212	64	9946	68
3938	212	56	15735	92
3939	212	66	19985	80
3940	212	57	7625	94
3941	212	41	18747	95
3942	212	63	22730	51
3943	212	67	7644	84
3944	212	51	6092	70
3945	212	69	13892	76
3946	212	78	20361	92
3947	212	42	24794	94
3948	212	53	10463	86
3949	213	39	20870	59
3950	213	40	16449	84
3951	213	68	20996	86
3952	213	69	16176	96
3953	213	56	5730	98
3954	213	80	17298	92
3955	213	38	9722	54
3956	213	51	18614	53
3957	213	78	10872	54
3958	213	54	9027	59
3959	213	66	15132	100
3960	213	53	14761	87
3961	213	65	6351	92
3962	213	41	19445	58
3963	213	46	19810	62
3964	213	47	7333	63
3965	213	59	12133	69
3966	214	39	6419	69
3967	214	45	8508	79
3968	214	37	21452	98
3969	214	48	12890	81
3970	214	56	14650	78
3971	214	36	12198	72
3972	214	54	22052	70
3973	214	53	21781	91
3974	214	74	23483	58
3975	214	35	9140	56
3976	214	69	18941	58
3977	214	70	8099	51
3978	214	80	9081	87
3979	214	62	8140	89
3980	214	65	19930	66
3981	214	75	10562	52
3982	214	50	11389	80
3983	215	45	22218	61
3984	215	36	13487	63
3985	215	55	18662	90
3986	215	53	5070	59
3987	215	72	6063	79
3988	215	61	14229	81
3989	215	70	23459	69
3990	215	42	19089	70
3991	215	67	9629	77
3992	215	44	7469	93
3993	215	63	15238	51
3994	215	37	11680	65
3995	215	68	7578	76
3996	215	78	13332	88
3997	215	41	13509	50
3998	215	75	17448	98
3999	215	58	10991	72
4000	215	64	14737	93
4001	215	80	15694	73
4002	215	48	6611	62
4003	215	56	13580	87
4004	215	46	6589	68
4005	216	52	13296	92
4006	216	56	17471	58
4007	216	36	7749	86
4008	216	69	17911	95
4009	216	39	5563	93
4010	216	64	13223	90
4011	216	74	9210	51
4012	216	77	15743	78
4013	216	46	15508	84
4014	216	47	11295	94
4015	216	78	16400	60
4016	216	35	11416	54
4017	216	37	12984	61
4018	216	61	18851	96
4019	216	70	11345	61
4020	216	43	13486	83
4021	216	72	24534	84
4022	216	38	7424	69
4023	217	49	8069	76
4024	217	36	17825	59
4025	217	54	7902	71
4026	217	57	14329	99
4027	217	64	18867	93
4028	217	59	23131	77
4029	217	76	6602	50
4030	217	53	21987	65
4031	217	72	16601	92
4032	217	39	11487	50
4033	217	38	7059	96
4034	217	69	15404	88
4035	217	41	19084	55
4036	217	78	9120	86
4037	217	43	7108	76
4038	217	52	20940	57
4039	217	47	12426	66
4040	217	75	14879	69
4041	217	71	10527	87
4042	217	60	16458	82
4043	217	46	20848	86
4044	217	45	9648	91
4045	217	80	20331	68
4046	218	49	14076	100
4047	218	80	14281	68
4048	218	55	22263	56
4049	218	35	19028	77
4050	218	40	5299	52
4051	218	61	24912	51
4052	218	38	23435	86
4053	218	63	19883	80
4054	218	65	9370	93
4055	218	69	15159	73
4056	218	53	18108	55
4057	218	58	16726	76
4058	218	57	17226	74
4059	218	64	24781	71
4060	218	51	18523	52
4061	218	44	12467	67
4062	218	66	11919	58
4063	218	76	21263	52
4064	218	70	8921	73
4065	218	62	17602	85
4066	219	68	5154	60
4067	219	44	16847	88
4068	219	52	17740	50
4069	219	39	5707	59
4070	219	43	7736	61
4071	219	60	8342	67
4072	219	67	10137	94
4073	219	51	6363	98
4074	219	37	12776	95
4075	219	65	17456	59
4076	219	55	5735	77
4077	219	76	22744	69
4078	219	66	19846	72
4079	219	42	14466	86
4080	219	47	19403	70
4081	220	56	20130	90
4082	220	45	24400	73
4083	220	74	6908	90
4084	220	54	24528	96
4085	220	36	10794	88
4086	220	62	21515	87
4087	220	39	14546	70
4088	220	44	22611	72
4089	220	37	18474	97
4090	220	53	23832	51
4091	220	78	23030	61
4092	220	55	18026	95
4093	221	60	8019	68
4094	221	63	11741	67
4095	221	80	12409	72
4096	221	61	11263	50
4097	221	73	21461	69
4098	221	58	7903	85
4099	221	75	8595	54
4100	221	64	16376	73
4101	221	70	23370	98
4102	221	49	22505	52
4103	221	47	20260	96
4104	221	54	17124	57
4105	221	68	15609	98
4106	221	44	18771	85
4107	221	48	17439	66
4108	221	45	19788	90
4109	221	43	20506	66
4110	221	46	17902	84
4111	221	55	15956	77
4112	221	67	20939	92
4113	221	36	20134	66
4114	222	64	16161	56
4115	222	49	6891	50
4116	222	60	20691	92
4117	222	42	22867	62
4118	222	74	10319	53
4119	222	80	19926	61
4120	222	38	7164	70
4121	222	37	6704	97
4122	222	53	21491	63
4123	222	72	7360	69
4124	222	66	21828	50
4125	222	35	20759	65
4126	222	48	13723	99
4127	222	54	10745	86
4128	222	44	23361	93
4129	222	40	18331	54
4130	222	70	9308	78
4131	222	52	16461	56
4132	222	76	9340	90
4133	222	65	23687	78
4134	222	67	22543	61
4135	222	46	22362	61
4136	222	58	12749	73
4137	222	61	6043	76
4138	222	41	16714	77
4139	222	63	8647	55
4140	222	73	22300	72
4141	223	66	23378	75
4142	223	80	24015	89
4143	223	57	14275	91
4144	223	40	16898	59
4145	223	74	23332	82
4146	223	56	8409	98
4147	223	36	24104	58
4148	223	53	14553	78
4149	223	62	16223	70
4150	223	69	9344	59
4151	223	41	13551	82
4152	223	78	5587	94
4153	223	60	8229	74
4154	223	72	24954	60
4155	223	39	14354	79
4156	223	73	14318	97
4157	223	67	22019	91
4158	223	64	19551	86
4159	223	77	6183	94
4160	223	38	15064	54
4161	224	64	8059	83
4162	224	60	9713	62
4163	224	59	10570	70
4164	224	75	14348	58
4165	224	41	16379	53
4166	224	47	19189	70
4167	224	65	25000	84
4168	224	51	21616	89
4169	224	67	22516	96
4170	224	55	8847	83
4171	224	35	5305	62
4172	224	46	19588	83
4173	224	73	19516	61
4174	224	49	14030	73
4175	224	58	11615	79
4176	224	77	13344	53
4177	224	44	20838	92
4178	224	52	11609	88
4179	224	63	22252	76
4180	224	70	7416	87
4181	224	54	20833	97
4182	224	76	23180	67
4183	224	42	15217	57
4184	224	45	24635	78
4185	225	64	13967	66
4186	225	47	9506	72
4187	225	73	5198	95
4188	225	44	12791	89
4189	225	56	15557	80
4190	225	46	11945	69
4191	225	59	7443	82
4192	225	79	24951	95
4193	225	58	6126	64
4194	225	40	5601	82
4195	225	51	6872	88
4196	225	61	20324	88
4197	225	37	16168	62
4198	225	68	18550	89
4199	225	72	21396	61
4200	225	39	21417	91
4201	225	80	11982	61
4202	225	36	15026	84
4203	225	62	16772	75
4204	226	56	13629	87
4205	226	69	24212	90
4206	226	76	6193	87
4207	226	49	10350	60
4208	226	58	16451	93
4209	226	59	19662	50
4210	226	44	21601	71
4211	226	38	10962	87
4212	226	66	7064	55
4213	226	48	16778	99
4214	226	57	22486	82
4215	226	63	21756	89
4216	226	35	8986	51
4217	226	80	6051	99
4218	226	68	24169	78
4219	226	75	6092	77
4220	226	50	14122	52
4221	226	72	24701	62
4222	226	36	7177	67
4223	227	74	24999	59
4224	227	39	7295	99
4225	227	47	18199	71
4226	227	70	24218	64
4227	227	60	19492	90
4228	227	73	9935	95
4229	227	61	22615	53
4230	227	44	21433	51
4231	227	40	16092	100
4232	227	67	24127	91
4233	227	58	11584	54
4234	227	76	6182	59
4235	227	36	7790	66
4236	227	53	21990	86
4237	227	64	17087	62
4238	227	51	22925	64
4239	227	80	17676	68
4240	227	56	19432	89
4241	227	48	7376	83
4242	227	52	11507	82
4243	227	41	9273	62
4244	227	79	22773	67
4245	228	39	10056	71
4246	228	73	10132	94
4247	228	41	13610	67
4248	228	63	6047	85
4249	228	64	19054	65
4250	228	44	10274	64
4251	228	79	20303	95
4252	228	60	18626	50
4253	228	58	19766	86
4254	228	78	23280	67
4255	228	43	15416	84
4256	228	69	16395	80
4257	228	57	10615	69
4258	228	47	8245	67
4259	228	46	23846	95
4260	228	62	23047	78
4261	228	37	18246	100
4262	228	76	5609	95
4263	228	42	13529	72
4264	228	40	8636	67
4265	228	74	13874	84
4266	229	71	11699	95
4267	229	72	23692	77
4268	229	63	17200	92
4269	229	67	12400	58
4270	229	48	13653	65
4271	229	42	13903	84
4272	229	55	9726	75
4273	229	74	23820	80
4274	229	35	7661	50
4275	229	78	16757	86
4276	229	53	18294	80
4277	229	61	15299	83
4278	229	40	12253	87
4279	229	37	21400	72
4280	229	50	8747	74
4281	229	66	21680	87
4282	229	73	14682	56
4283	229	54	20879	74
4284	229	51	23973	82
4285	229	52	9684	55
4286	229	76	20778	65
4287	230	69	17269	82
4288	230	47	9665	75
4289	230	73	24080	86
4290	230	37	12186	96
4291	230	44	16851	92
4292	230	35	16644	77
4293	230	49	13662	99
4294	230	38	8869	97
4295	230	70	22440	98
4296	230	75	20347	52
4297	230	40	18753	97
4298	230	39	9919	77
4299	230	52	5919	61
4300	230	80	15535	70
4301	230	64	24065	69
4302	230	61	11780	83
4303	230	65	18991	64
4304	230	54	10574	53
4305	230	59	11276	97
4306	230	60	14782	56
4307	230	62	12221	91
4308	230	77	14716	87
4309	230	42	23254	52
4310	230	36	22284	53
4311	230	78	17938	89
4312	231	62	18623	75
4313	231	79	22638	67
4314	231	37	14888	54
4315	231	72	23610	74
4316	231	47	7812	88
4317	231	45	21216	82
4318	231	42	8593	89
4319	231	54	15495	87
4320	231	43	7721	80
4321	231	57	16852	70
4322	231	68	21121	89
4323	231	77	23485	63
4324	231	36	18828	94
4325	231	40	13609	100
4326	231	67	24564	91
4327	231	64	19145	51
4328	231	39	9585	73
4329	231	50	12137	77
4330	231	51	11478	94
4331	231	58	14019	50
4332	231	35	17073	87
4333	231	75	10042	74
4334	231	52	17512	59
4335	231	46	17322	86
4336	231	80	16068	51
4337	231	71	24422	98
4338	231	65	22467	87
4339	231	76	10095	73
4340	231	59	23743	95
4341	231	49	24361	95
4342	232	77	5958	90
4343	232	73	20391	96
4344	232	61	12551	66
4345	232	76	12247	66
4346	232	68	6810	60
4347	232	66	18339	66
4348	232	67	6556	75
4349	232	44	21150	66
4350	232	50	23196	75
4351	232	37	12234	59
4352	232	51	16316	55
4353	232	75	21483	75
4354	232	49	6275	97
4355	232	65	6863	64
4356	232	63	19763	92
4357	232	80	17111	88
4358	232	55	19198	60
4359	232	48	11147	53
4360	232	41	10571	64
4361	232	62	22732	99
4362	232	64	7683	81
4363	232	47	17384	74
4364	232	57	18764	53
4365	232	45	21153	92
4366	232	46	5541	58
4367	232	74	15881	55
4368	232	35	21643	93
4369	232	39	20101	87
4370	232	69	8575	86
4371	233	76	17709	83
4372	233	37	17872	78
4373	233	66	7497	61
4374	233	77	6545	95
4375	233	78	9419	52
4376	233	61	21747	64
4377	233	58	12853	86
4378	233	38	13814	85
4379	233	75	24826	64
4380	233	46	16654	71
4381	233	35	15927	51
4382	233	42	23220	56
4383	233	60	20389	89
4384	233	56	24657	74
4385	233	40	20382	88
4386	233	74	24338	62
4387	233	70	7550	58
4388	233	71	11356	83
4389	233	36	16906	85
4390	233	44	19166	73
4391	233	69	20819	58