p_no	u_no	f_no	p_date	p_quantity
1	10	2499	2022-01-01	1
2	33	4055	2022-01-01	1
3	75	3398	2022-01-01	3
4	113	3918	2022-01-01	1
5	123	2399	2022-01-01	1
6	144	200	2022-01-01	3
7	152	1584	2022-01-01	5
8	176	698	2022-01-01	6
9	185	1368	2022-01-01	6
10	191	1850	2022-01-01	7
11	196	1914	2022-01-01	2
12	215	1278	2022-01-01	5
13	221	2151	2022-01-01	6
14	233	620	2022-01-01	6
15	9	2570	2022-01-02	7
16	48	3359	2022-01-02	5
17	68	3120	2022-01-02	9
18	121	3444	2022-01-02	5
19	139	1129	2022-01-02	2
20	140	1145	2022-01-02	1
21	143	937	2022-01-02	7
22	144	2025	2022-01-02	9
23	148	1876	2022-01-02	9
24	151	507	2022-01-02	3
25	178	142	2022-01-02	5
26	179	2141	2022-01-02	8
27	191	60	2022-01-02	4
28	198	593	2022-01-02	9
29	201	373	2022-01-02	3
30	219	444	2022-01-02	3
31	222	1587	2022-01-02	5
32	224	1098	2022-01-02	4
33	5	3850	2022-01-03	8
34	21	3054	2022-01-03	6
35	33	4027	2022-01-03	10
36	65	3830	2022-01-03	7
37	71	4256	2022-01-03	5
38	87	3411	2022-01-03	3
39	124	3594	2022-01-03	1
40	139	930	2022-01-03	6
41	148	766	2022-01-03	9
42	166	907	2022-01-03	3
43	203	653	2022-01-03	6
44	229	945	2022-01-03	10
45	26	2294	2022-01-04	7
46	27	2423	2022-01-04	5
47	45	3189	2022-01-04	4
48	108	2925	2022-01-04	2
49	119	2602	2022-01-04	6
50	128	518	2022-01-04	3
51	148	1205	2022-01-04	3
52	157	1911	2022-01-04	3
53	171	274	2022-01-04	2
54	174	1599	2022-01-04	9
55	183	115	2022-01-04	6
56	199	822	2022-01-04	10
57	204	762	2022-01-04	7
58	216	1121	2022-01-04	10
59	7	2837	2022-01-05	8
60	17	3810	2022-01-05	4
61	40	3584	2022-01-05	7
62	45	3719	2022-01-05	4
63	49	3320	2022-01-05	8
64	55	3672	2022-01-05	8
65	58	3173	2022-01-05	8
66	72	3765	2022-01-05	7
67	102	3869	2022-01-05	1
68	122	2995	2022-01-05	8
69	170	1480	2022-01-05	3
70	213	214	2022-01-05	3
71	213	899	2022-01-05	3
72	223	1732	2022-01-05	8
73	7	2164	2022-01-06	3
74	21	4350	2022-01-06	2
75	29	3864	2022-01-06	7
76	30	2180	2022-01-06	3
77	140	1001	2022-01-06	10
78	210	1257	2022-01-06	2
79	220	1118	2022-01-06	6
80	41	4280	2022-01-07	4
81	85	3072	2022-01-07	5
82	86	3596	2022-01-07	7
83	109	4329	2022-01-07	7
84	114	3181	2022-01-07	10
85	125	2099	2022-01-07	6
86	126	456	2022-01-07	3
87	187	300	2022-01-07	10
88	195	1218	2022-01-07	10
89	206	2024	2022-01-07	10
90	213	1313	2022-01-07	3
91	218	614	2022-01-07	4
92	6	2717	2022-01-08	2
93	29	3198	2022-01-08	2
94	33	4192	2022-01-08	4
95	83	3777	2022-01-08	7
96	84	3921	2022-01-08	10
97	146	811	2022-01-08	1
98	164	341	2022-01-08	10
99	220	335	2022-01-08	10
100	231	1726	2022-01-08	6
101	3	3544	2022-01-09	4
102	9	3876	2022-01-09	10
103	39	2201	2022-01-09	2
104	69	2805	2022-01-09	6
105	116	3041	2022-01-09	7
106	117	4004	2022-01-09	9
107	143	621	2022-01-09	7
108	200	1059	2022-01-09	1
109	206	1111	2022-01-09	7
110	216	1049	2022-01-09	2
111	223	605	2022-01-09	10
112	53	3108	2022-01-10	10
113	57	2806	2022-01-10	9
114	82	2952	2022-01-10	5
115	163	336	2022-01-10	2
116	175	1266	2022-01-10	5
117	210	1314	2022-01-10	8
118	212	1918	2022-01-10	9
119	224	1508	2022-01-10	4
120	32	3541	2022-01-11	4
121	50	4118	2022-01-11	1
122	67	3079	2022-01-11	7
123	90	3437	2022-01-11	7
124	98	3398	2022-01-11	9
125	130	913	2022-01-11	10
126	154	51	2022-01-11	8
127	175	277	2022-01-11	5
128	178	838	2022-01-11	5
129	17	3641	2022-01-12	7
130	33	3153	2022-01-12	10
131	61	2187	2022-01-12	5
132	81	2783	2022-01-12	2
133	84	3183	2022-01-12	7
134	96	2270	2022-01-12	3
135	110	2858	2022-01-12	10
136	126	368	2022-01-12	7
137	187	681	2022-01-12	6
138	205	1583	2022-01-12	3
139	213	2036	2022-01-12	4
140	219	750	2022-01-12	4
141	225	929	2022-01-12	5
142	229	1775	2022-01-12	5
143	39	4163	2022-01-13	9
144	44	3664	2022-01-13	1
145	87	3898	2022-01-13	4
146	114	2511	2022-01-13	2
147	116	4247	2022-01-13	2
148	121	2406	2022-01-13	7
149	163	1031	2022-01-13	2
150	175	50	2022-01-13	6
151	194	490	2022-01-13	1
152	212	1146	2022-01-13	2
153	214	458	2022-01-13	9
154	218	1563	2022-01-13	3
155	219	13	2022-01-13	7
156	220	1752	2022-01-13	1
157	226	1817	2022-01-13	9
158	15	4061	2022-01-14	5
159	48	3383	2022-01-14	5
160	53	4070	2022-01-14	6
161	61	3082	2022-01-14	9
162	63	3724	2022-01-14	7
163	63	4287	2022-01-14	8
164	73	4069	2022-01-14	3
165	89	3146	2022-01-14	8
166	93	2287	2022-01-14	2
167	94	3098	2022-01-14	5
168	101	3820	2022-01-14	1
169	122	2417	2022-01-14	5
170	126	1121	2022-01-14	4
171	139	1865	2022-01-14	3
172	169	1630	2022-01-14	5
173	194	1286	2022-01-14	10
174	211	982	2022-01-14	5
175	15	2689	2022-01-15	1
176	65	3145	2022-01-15	10
177	71	3096	2022-01-15	6
178	123	3825	2022-01-15	8
179	144	696	2022-01-15	6
180	150	1157	2022-01-15	6
181	159	106	2022-01-15	7
182	163	2084	2022-01-15	3
183	171	362	2022-01-15	2
184	3	3451	2022-01-16	9
185	22	4076	2022-01-16	1
186	28	2937	2022-01-16	9
187	34	2360	2022-01-16	7
188	40	3916	2022-01-16	6
189	117	3787	2022-01-16	8
190	121	2544	2022-01-16	6
191	132	293	2022-01-16	10
192	160	357	2022-01-16	10
193	164	1986	2022-01-16	6
194	169	1280	2022-01-16	7
195	176	1847	2022-01-16	6
196	214	1378	2022-01-16	9
197	8	2553	2022-01-17	3
198	14	2251	2022-01-17	5
199	18	3296	2022-01-17	5
200	27	3466	2022-01-17	4
201	60	3688	2022-01-17	2
202	91	4329	2022-01-17	6
203	95	3799	2022-01-17	3
204	108	2530	2022-01-17	4
205	111	2463	2022-01-17	6
206	112	3885	2022-01-17	4
207	152	2008	2022-01-17	2
208	173	934	2022-01-17	8
209	173	811	2022-01-17	10
210	173	1461	2022-01-17	10
211	195	1677	2022-01-17	7
212	197	1361	2022-01-17	8
213	203	1409	2022-01-17	7
214	204	1996	2022-01-17	10
215	8	3561	2022-01-18	4
216	30	2937	2022-01-18	8
217	34	2525	2022-01-18	2
218	49	2897	2022-01-18	5
219	74	3199	2022-01-18	5
220	128	837	2022-01-18	7
221	155	1348	2022-01-18	3
222	158	1439	2022-01-18	5
223	171	42	2022-01-18	8
224	187	1613	2022-01-18	8
225	202	909	2022-01-18	5
226	220	751	2022-01-18	1
227	8	2285	2022-01-19	9
228	14	2480	2022-01-19	7
229	27	4031	2022-01-19	4
230	39	3384	2022-01-19	10
231	45	2607	2022-01-19	6
232	55	2833	2022-01-19	3
233	65	3770	2022-01-19	5
234	74	3536	2022-01-19	10
235	136	702	2022-01-19	2
236	206	1867	2022-01-19	2
237	207	1066	2022-01-19	8
238	211	1994	2022-01-19	9
239	16	3509	2022-01-20	4
240	20	3358	2022-01-20	4
241	27	3148	2022-01-20	1
242	59	3835	2022-01-20	5
243	62	2322	2022-01-20	1
244	75	2601	2022-01-20	10
245	86	3513	2022-01-20	7
246	94	3433	2022-01-20	7
247	157	760	2022-01-20	10
248	158	843	2022-01-20	1
249	208	2069	2022-01-20	7
250	215	25	2022-01-20	10
251	221	1335	2022-01-20	1
252	15	3252	2022-01-21	2
253	29	3046	2022-01-21	7
254	46	4086	2022-01-21	4
255	56	3168	2022-01-21	7
256	163	764	2022-01-21	4
257	179	1221	2022-01-21	8
258	184	622	2022-01-21	1
259	205	37	2022-01-21	2
260	212	1098	2022-01-21	5
261	223	1137	2022-01-21	1
262	13	2947	2022-01-22	5
263	56	3535	2022-01-22	2
264	60	3837	2022-01-22	5
265	65	3193	2022-01-22	5
266	71	4152	2022-01-22	4
267	112	2544	2022-01-22	4
268	134	1887	2022-01-22	5
269	137	727	2022-01-22	3
270	160	325	2022-01-22	3
271	167	769	2022-01-22	8
272	170	392	2022-01-22	10
273	179	1710	2022-01-22	5
274	194	823	2022-01-22	1
275	222	2049	2022-01-22	8
276	226	2033	2022-01-22	1
277	15	3561	2022-01-23	9
278	24	4205	2022-01-23	9
279	28	4235	2022-01-23	1
280	36	3045	2022-01-23	5
281	75	4237	2022-01-23	3
282	79	3833	2022-01-23	4
283	87	2688	2022-01-23	4
284	174	1502	2022-01-23	8
285	175	47	2022-01-23	7
286	195	744	2022-01-23	6
287	205	1598	2022-01-23	5
288	230	109	2022-01-23	3
289	23	4329	2022-01-24	8
290	79	4200	2022-01-24	8
291	149	1286	2022-01-24	9
292	172	6	2022-01-24	6
293	186	597	2022-01-24	5
294	188	182	2022-01-24	6
295	190	46	2022-01-24	3
296	26	3404	2022-01-25	5
297	102	3769	2022-01-25	8
298	109	3343	2022-01-25	2
299	149	157	2022-01-25	6
300	150	1337	2022-01-25	1
301	165	1144	2022-01-25	5
302	171	984	2022-01-25	9
303	178	2151	2022-01-25	3
304	198	1413	2022-01-25	9
305	212	478	2022-01-25	3
306	224	552	2022-01-25	4
307	230	1564	2022-01-25	2
308	9	3145	2022-01-26	10
309	45	2706	2022-01-26	7
310	92	2683	2022-01-26	1
311	144	274	2022-01-26	1
312	185	933	2022-01-26	10
313	194	1450	2022-01-26	9
314	209	227	2022-01-26	7
315	213	477	2022-01-26	1
316	215	2074	2022-01-26	3
317	232	293	2022-01-26	10
318	10	3357	2022-01-27	4
319	25	2969	2022-01-27	9
320	53	2222	2022-01-27	3
321	106	3087	2022-01-27	8
322	112	4007	2022-01-27	5
323	115	2212	2022-01-27	3
324	151	823	2022-01-27	5
325	159	1922	2022-01-27	6
326	166	2107	2022-01-27	8
327	173	372	2022-01-27	8
328	222	964	2022-01-27	9
329	18	2233	2022-01-28	10
330	18	3063	2022-01-28	4
331	20	3885	2022-01-28	9
332	25	4260	2022-01-28	9
333	28	2588	2022-01-28	2
334	51	3225	2022-01-28	9
335	54	4293	2022-01-28	9
336	66	3200	2022-01-28	10
337	150	828	2022-01-28	1
338	183	1789	2022-01-28	7
339	201	1811	2022-01-28	3
340	212	1930	2022-01-28	9
341	1	3147	2022-01-29	5
342	2	3105	2022-01-29	8
343	12	3993	2022-01-29	3
344	15	2211	2022-01-29	10
345	33	3763	2022-01-29	10
346	35	2667	2022-01-29	1
347	39	2199	2022-01-29	6
348	54	2469	2022-01-29	8
349	76	3503	2022-01-29	6
350	85	4340	2022-01-29	7
351	100	2391	2022-01-29	5
352	110	2252	2022-01-29	4
353	160	274	2022-01-29	6
354	174	1422	2022-01-29	9
355	195	1824	2022-01-29	1
356	198	491	2022-01-29	1
357	226	1463	2022-01-29	7
358	7	2999	2022-01-30	3
359	10	3651	2022-01-30	10
360	89	4208	2022-01-30	10
361	101	3925	2022-01-30	9
362	111	3197	2022-01-30	3
363	129	785	2022-01-30	9
364	151	1060	2022-01-30	8
365	183	1504	2022-01-30	2
366	185	777	2022-01-30	3
367	186	978	2022-01-30	5
368	197	99	2022-01-30	10
369	201	1573	2022-01-30	10
370	207	1114	2022-01-30	2
371	219	1950	2022-01-30	3
372	226	1050	2022-01-30	4
373	60	3851	2022-01-31	7
374	76	3234	2022-01-31	6
375	88	2836	2022-01-31	7
376	103	3596	2022-01-31	10
377	118	4020	2022-01-31	6
378	188	1163	2022-01-31	5
379	220	1994	2022-01-31	2
380	223	958	2022-01-31	2
381	4	4298	2022-02-01	9
382	11	3551	2022-02-01	8
383	32	3675	2022-02-01	4
384	54	2522	2022-02-01	5
385	82	2293	2022-02-01	7
386	146	1875	2022-02-01	5
387	146	486	2022-02-01	2
388	149	995	2022-02-01	1
389	151	1928	2022-02-01	8
390	173	1733	2022-02-01	1
391	178	44	2022-02-01	7
392	201	227	2022-02-01	1
393	208	639	2022-02-01	1
394	211	91	2022-02-01	8
395	222	1583	2022-02-01	6
396	23	3287	2022-02-02	2
397	109	3195	2022-02-02	8
398	130	1726	2022-02-02	3
399	146	1888	2022-02-02	1
400	174	430	2022-02-02	5
401	175	1037	2022-02-02	9
402	181	1664	2022-02-02	9
403	188	2024	2022-02-02	1
404	211	1233	2022-02-02	10
405	42	2214	2022-02-03	7
406	78	4051	2022-02-03	1
407	94	2853	2022-02-03	2
408	161	511	2022-02-03	2
409	177	925	2022-02-03	3
410	199	936	2022-02-03	9
411	200	876	2022-02-03	7
412	207	1423	2022-02-03	7
413	211	464	2022-02-03	8
414	14	3507	2022-02-04	5
415	34	4175	2022-02-04	4
416	62	2540	2022-02-04	9
417	82	3304	2022-02-04	4
418	85	4193	2022-02-04	6
419	105	4289	2022-02-04	9
420	142	701	2022-02-04	2
421	146	2077	2022-02-04	6
422	4	4173	2022-02-05	4
423	11	4191	2022-02-05	8
424	105	3261	2022-02-05	3
425	108	2715	2022-02-05	5
426	141	1847	2022-02-05	2
427	161	1979	2022-02-05	4
428	187	1686	2022-02-05	4
429	197	1967	2022-02-05	4
430	7	3575	2022-02-06	2
431	8	3980	2022-02-06	5
432	15	2537	2022-02-06	3
433	109	4276	2022-02-06	7
434	144	315	2022-02-06	1
435	153	1001	2022-02-06	3
436	155	1965	2022-02-06	6
437	169	1438	2022-02-06	7
438	183	616	2022-02-06	7
439	186	911	2022-02-06	9
440	225	625	2022-02-06	9
441	232	19	2022-02-06	8
442	41	2864	2022-02-07	6
443	60	3980	2022-02-07	4
444	94	2790	2022-02-07	7
445	129	2118	2022-02-07	6
446	170	1106	2022-02-07	6
447	194	1322	2022-02-07	1
448	218	191	2022-02-07	5
449	63	2673	2022-02-08	7
450	102	2834	2022-02-08	4
451	104	3227	2022-02-08	6
452	145	577	2022-02-08	3
453	159	2063	2022-02-08	7
454	174	363	2022-02-08	4
455	175	1948	2022-02-08	4
456	176	2069	2022-02-08	5
457	179	2062	2022-02-08	10
458	190	452	2022-02-08	5
459	209	1366	2022-02-08	4
460	226	453	2022-02-08	4
461	20	3180	2022-02-09	4
462	26	3026	2022-02-09	5
463	63	2744	2022-02-09	6
464	65	4128	2022-02-09	7
465	92	3407	2022-02-09	9
466	118	3600	2022-02-09	7
467	138	671	2022-02-09	9
468	148	1240	2022-02-09	8
469	156	2131	2022-02-09	2
470	161	767	2022-02-09	8
471	162	1140	2022-02-09	4
472	177	172	2022-02-09	1
473	177	1886	2022-02-09	5
474	48	3495	2022-02-10	10
475	79	2616	2022-02-10	4
476	84	3036	2022-02-10	10
477	116	3141	2022-02-10	10
478	132	224	2022-02-10	7
479	135	72	2022-02-10	5
480	147	748	2022-02-10	7
481	173	1594	2022-02-10	7
482	176	1892	2022-02-10	7
483	207	1275	2022-02-10	9
484	208	465	2022-02-10	4
485	218	399	2022-02-10	10
486	1	3337	2022-02-11	2
487	19	3709	2022-02-11	8
488	31	3652	2022-02-11	10
489	51	4069	2022-02-11	7
490	61	4177	2022-02-11	2
491	102	3120	2022-02-11	1
492	116	3443	2022-02-11	5
493	138	1786	2022-02-11	6
494	153	545	2022-02-11	6
495	157	555	2022-02-11	9
496	163	1678	2022-02-11	3
497	169	316	2022-02-11	8
498	171	732	2022-02-11	6
499	184	337	2022-02-11	9
500	205	1497	2022-02-11	8
501	220	530	2022-02-11	10
502	224	946	2022-02-11	8
503	230	807	2022-02-11	9
504	4	2492	2022-02-12	7
505	5	3102	2022-02-12	4
506	12	2415	2022-02-12	8
507	13	2591	2022-02-12	8
508	19	2508	2022-02-12	1
509	31	3143	2022-02-12	6
510	70	2310	2022-02-12	7
511	78	2974	2022-02-12	7
512	114	2975	2022-02-12	4
513	189	1225	2022-02-12	5
514	192	699	2022-02-12	10
515	220	1574	2022-02-12	9
516	233	18	2022-02-12	5
517	7	2788	2022-02-13	10
518	22	3259	2022-02-13	7
519	26	3107	2022-02-13	9
520	41	3537	2022-02-13	5
521	72	2219	2022-02-13	3
522	89	2245	2022-02-13	6
523	90	2540	2022-02-13	8
524	94	2929	2022-02-13	4
525	138	778	2022-02-13	1
526	145	933	2022-02-13	4
527	148	692	2022-02-13	3
528	154	636	2022-02-13	9
529	173	1781	2022-02-13	9
530	194	1871	2022-02-13	3
531	2	3338	2022-02-14	9
532	34	3630	2022-02-14	9
533	59	4134	2022-02-14	6
534	146	1587	2022-02-14	8
535	161	119	2022-02-14	10
536	173	1744	2022-02-14	2
537	224	1123	2022-02-14	7
538	5	4358	2022-02-15	7
539	13	2766	2022-02-15	5
540	26	4365	2022-02-15	4
541	28	4380	2022-02-15	9
542	55	2721	2022-02-15	4
543	59	2641	2022-02-15	7
544	91	3182	2022-02-15	2
545	137	235	2022-02-15	7
546	145	1332	2022-02-15	10
547	147	1254	2022-02-15	2
548	162	1453	2022-02-15	2
549	197	390	2022-02-15	9
550	44	3768	2022-02-16	7
551	56	2407	2022-02-16	6
552	65	3560	2022-02-16	3
553	66	2900	2022-02-16	10
554	73	2381	2022-02-16	2
555	77	3831	2022-02-16	6
556	95	4175	2022-02-16	9
557	156	945	2022-02-16	4
558	193	1447	2022-02-16	4
559	201	2082	2022-02-16	5
560	205	409	2022-02-16	8
561	216	611	2022-02-16	7
562	221	1012	2022-02-16	7
563	13	4113	2022-02-17	4
564	36	2227	2022-02-17	6
565	44	3221	2022-02-17	4
566	54	3266	2022-02-17	9
567	66	2279	2022-02-17	9
568	72	3357	2022-02-17	1
569	93	3339	2022-02-17	7
570	128	1314	2022-02-17	7
571	138	1594	2022-02-17	1
572	141	1933	2022-02-17	7
573	170	758	2022-02-17	9
574	184	2061	2022-02-17	5
575	205	885	2022-02-17	5
576	209	295	2022-02-17	5
577	230	1020	2022-02-17	2
578	41	3772	2022-02-18	1
579	53	3724	2022-02-18	10
580	78	3085	2022-02-18	3
581	85	2537	2022-02-18	10
582	93	2321	2022-02-18	4
583	167	1485	2022-02-18	5
584	174	129	2022-02-18	3
585	176	185	2022-02-18	2
586	177	1113	2022-02-18	10
587	186	2129	2022-02-18	7
588	232	2097	2022-02-18	9
589	7	2276	2022-02-19	7
590	14	2781	2022-02-19	4
591	20	3198	2022-02-19	8
592	71	2636	2022-02-19	2
593	81	2763	2022-02-19	6
594	110	3387	2022-02-19	7
595	112	2744	2022-02-19	4
596	117	4309	2022-02-19	5
597	122	3746	2022-02-19	4
598	125	1175	2022-02-19	10
599	162	1449	2022-02-19	3
600	203	1476	2022-02-19	10
601	205	288	2022-02-19	5
602	216	1632	2022-02-19	9
603	226	1080	2022-02-19	10
604	38	4068	2022-02-20	9
605	64	4270	2022-02-20	3
606	70	2900	2022-02-20	9
607	90	4037	2022-02-20	6
608	111	3586	2022-02-20	2
609	132	1822	2022-02-20	1
610	139	755	2022-02-20	1
611	143	65	2022-02-20	2
612	152	1845	2022-02-20	2
613	174	500	2022-02-20	7
614	193	436	2022-02-20	3
615	218	481	2022-02-20	3
616	16	2406	2022-02-21	3
617	24	4181	2022-02-21	9
618	78	3202	2022-02-21	8
619	78	2444	2022-02-21	6
620	83	3898	2022-02-21	1
621	88	4261	2022-02-21	1
622	117	4383	2022-02-21	10
623	118	2255	2022-02-21	3
624	127	2026	2022-02-21	1
625	141	604	2022-02-21	6
626	175	1074	2022-02-21	6
627	176	695	2022-02-21	10
628	190	1635	2022-02-21	6
629	210	322	2022-02-21	1
630	225	422	2022-02-21	5
631	18	3688	2022-02-22	4
632	28	3106	2022-02-22	10
633	35	2484	2022-02-22	6
634	43	4081	2022-02-22	9
635	43	4271	2022-02-22	6
636	56	3538	2022-02-22	1
637	63	3261	2022-02-22	9
638	95	3774	2022-02-22	1
639	101	4009	2022-02-22	7
640	120	3702	2022-02-22	2
641	133	961	2022-02-22	6
642	146	38	2022-02-22	5
643	149	1830	2022-02-22	6
644	149	152	2022-02-22	4
645	175	65	2022-02-22	10
646	179	2062	2022-02-22	9
647	192	1926	2022-02-22	10
648	214	1081	2022-02-22	10
649	227	1896	2022-02-22	2
650	34	2641	2022-02-23	2
651	40	3480	2022-02-23	3
652	46	3704	2022-02-23	9
653	55	2331	2022-02-23	4
654	74	3181	2022-02-23	2
655	118	4278	2022-02-23	8
656	122	2756	2022-02-23	9
657	148	1290	2022-02-23	4
658	172	1126	2022-02-23	2
659	172	2067	2022-02-23	2
660	176	1887	2022-02-23	4
661	193	732	2022-02-23	6
662	196	1127	2022-02-23	9
663	204	1086	2022-02-23	4
664	209	1541	2022-02-23	5
665	2	2903	2022-02-24	4
666	8	2556	2022-02-24	6
667	17	3475	2022-02-24	7
668	50	4295	2022-02-24	2
669	69	3122	2022-02-24	10
670	75	3556	2022-02-24	1
671	88	3325	2022-02-24	8
672	152	1206	2022-02-24	4
673	178	106	2022-02-24	9
674	226	1908	2022-02-24	8
675	35	3849	2022-02-25	1
676	40	3177	2022-02-25	8
677	59	2159	2022-02-25	9
678	71	2383	2022-02-25	1
679	74	3234	2022-02-25	1
680	128	426	2022-02-25	4
681	147	536	2022-02-25	8
682	173	349	2022-02-25	7
683	196	842	2022-02-25	3
684	211	1135	2022-02-25	7
685	216	894	2022-02-25	2
686	217	1070	2022-02-25	1
687	224	724	2022-02-25	7
688	12	2970	2022-02-26	1
689	102	2371	2022-02-26	4
690	109	2533	2022-02-26	2
691	116	2645	2022-02-26	1
692	194	203	2022-02-26	10
693	217	453	2022-02-26	2
694	1	2591	2022-02-27	2
695	22	4008	2022-02-27	5
696	29	4288	2022-02-27	9
697	70	4023	2022-02-27	10
698	78	2177	2022-02-27	9
699	87	4190	2022-02-27	5
700	103	4011	2022-02-27	3
701	111	2645	2022-02-27	6
702	112	2760	2022-02-27	8
703	134	1497	2022-02-27	4
704	176	1248	2022-02-27	3
705	186	184	2022-02-27	9
706	187	1239	2022-02-27	7
707	195	2117	2022-02-27	4
708	212	960	2022-02-27	2
709	222	745	2022-02-27	2
710	230	902	2022-02-27	2
711	231	1410	2022-02-27	7
712	42	4232	2022-02-28	5
713	49	2371	2022-02-28	4
714	58	3870	2022-02-28	7
715	61	3653	2022-02-28	3
716	67	2976	2022-02-28	6
717	78	3259	2022-02-28	1
718	84	3650	2022-02-28	7
719	135	1543	2022-02-28	9
720	136	2012	2022-02-28	10
721	138	1272	2022-02-28	1
722	152	821	2022-02-28	8
723	161	734	2022-02-28	4
724	170	522	2022-02-28	9
725	172	1258	2022-02-28	3
726	189	1017	2022-02-28	2
727	205	564	2022-02-28	8
728	225	1337	2022-02-28	7
729	228	644	2022-02-28	3
730	32	3362	2022-03-01	4
731	52	4175	2022-03-01	6
732	78	3995	2022-03-01	3
733	83	2783	2022-03-01	7
734	93	2610	2022-03-01	3
735	94	3814	2022-03-01	5
736	107	3274	2022-03-01	2
737	111	3827	2022-03-01	5
738	113	2287	2022-03-01	9
739	118	2961	2022-03-01	4
740	152	987	2022-03-01	1
741	154	215	2022-03-01	3
742	176	860	2022-03-01	1
743	185	1195	2022-03-01	5
744	207	1706	2022-03-01	4
745	4	2763	2022-03-02	8
746	6	4097	2022-03-02	6
747	17	3245	2022-03-02	8
748	21	4272	2022-03-02	7
749	75	2772	2022-03-02	5
750	120	3485	2022-03-02	10
751	144	1145	2022-03-02	5
752	146	803	2022-03-02	7
753	173	1864	2022-03-02	1
754	207	1674	2022-03-02	6
755	210	459	2022-03-02	2
756	217	1450	2022-03-02	4
757	219	1802	2022-03-02	3
758	22	3585	2022-03-03	6
759	28	4239	2022-03-03	8
760	38	4101	2022-03-03	5
761	68	4010	2022-03-03	6
762	153	852	2022-03-03	8
763	156	1170	2022-03-03	1
764	156	1997	2022-03-03	6
765	174	833	2022-03-03	1
766	198	1813	2022-03-03	5
767	50	4265	2022-03-04	9
768	66	3539	2022-03-04	5
769	77	3846	2022-03-04	4
770	106	3014	2022-03-04	8
771	118	3783	2022-03-04	4
772	129	1426	2022-03-04	10
773	135	1788	2022-03-04	4
774	137	1410	2022-03-04	3
775	145	748	2022-03-04	2
776	145	3	2022-03-04	8
777	212	1592	2022-03-04	6
778	60	2293	2022-03-05	4
779	62	4036	2022-03-05	3
780	74	4042	2022-03-05	9
781	78	3809	2022-03-05	7
782	93	4054	2022-03-05	7
783	111	3239	2022-03-05	2
784	119	2642	2022-03-05	6
785	120	3540	2022-03-05	6
786	128	2030	2022-03-05	7
787	145	1638	2022-03-05	7
788	160	1943	2022-03-05	8
789	167	654	2022-03-05	6
790	171	1191	2022-03-05	4
791	184	61	2022-03-05	5
792	207	1724	2022-03-05	3
793	4	2429	2022-03-06	2
794	60	4345	2022-03-06	10
795	84	4000	2022-03-06	10
796	109	2944	2022-03-06	3
797	138	950	2022-03-06	8
798	196	6	2022-03-06	3
799	201	2066	2022-03-06	5
800	221	388	2022-03-06	1
801	222	592	2022-03-06	5
802	223	1251	2022-03-06	5
803	229	701	2022-03-06	10
804	31	3040	2022-03-07	5
805	31	3498	2022-03-07	6
806	52	2498	2022-03-07	2
807	58	2204	2022-03-07	1
808	78	3787	2022-03-07	9
809	93	2994	2022-03-07	7
810	100	2369	2022-03-07	5
811	100	2348	2022-03-07	8
812	122	2291	2022-03-07	10
813	131	32	2022-03-07	1
814	139	1027	2022-03-07	7
815	172	1952	2022-03-07	7
816	200	1033	2022-03-07	6
817	216	1214	2022-03-07	8
818	9	3464	2022-03-08	1
819	21	2406	2022-03-08	1
820	29	4079	2022-03-08	1
821	30	4054	2022-03-08	1
822	36	3975	2022-03-08	5
823	37	3329	2022-03-08	1
824	90	2810	2022-03-08	3
825	92	4145	2022-03-08	10
826	163	5	2022-03-08	1
827	175	2155	2022-03-08	6
828	208	1415	2022-03-08	4
829	12	3012	2022-03-09	2
830	29	2439	2022-03-09	4
831	37	3302	2022-03-09	9
832	40	3155	2022-03-09	5
833	41	4388	2022-03-09	4
834	50	2787	2022-03-09	9
835	88	2900	2022-03-09	4
836	125	1616	2022-03-09	3
837	131	2057	2022-03-09	6
838	133	1138	2022-03-09	7
839	142	843	2022-03-09	7
840	197	33	2022-03-09	5
841	218	1640	2022-03-09	9
842	222	916	2022-03-09	9
843	52	3038	2022-03-10	1
844	100	3422	2022-03-10	4
845	113	2249	2022-03-10	8
846	137	836	2022-03-10	1
847	138	47	2022-03-10	2
848	174	793	2022-03-10	5
849	180	1830	2022-03-10	4
850	186	1394	2022-03-10	8
851	23	3252	2022-03-11	10
852	27	3387	2022-03-11	9
853	28	2831	2022-03-11	9
854	52	3724	2022-03-11	4
855	119	3399	2022-03-11	2
856	126	1388	2022-03-11	9
857	128	2022	2022-03-11	5
858	131	1121	2022-03-11	6
859	142	1865	2022-03-11	4
860	156	2136	2022-03-11	7
861	164	672	2022-03-11	1
862	219	1395	2022-03-11	6
863	222	671	2022-03-11	8
864	230	1850	2022-03-11	9
865	8	3878	2022-03-12	7
866	16	3098	2022-03-12	6
867	37	4391	2022-03-12	2
868	64	3537	2022-03-12	2
869	72	3307	2022-03-12	5
870	85	4121	2022-03-12	8
871	89	3827	2022-03-12	7
872	94	3848	2022-03-12	9
873	117	3441	2022-03-12	7
874	154	1091	2022-03-12	7
875	166	422	2022-03-12	3
876	173	717	2022-03-12	2
877	181	222	2022-03-12	4
878	208	612	2022-03-12	10
879	221	970	2022-03-12	9
880	4	3331	2022-03-13	8
881	5	3617	2022-03-13	4
882	6	4192	2022-03-13	9
883	35	3978	2022-03-13	5
884	51	4252	2022-03-13	7
885	106	3293	2022-03-13	7
886	132	200	2022-03-13	7
887	177	756	2022-03-13	3
888	192	948	2022-03-13	7
889	207	29	2022-03-13	1
890	219	2145	2022-03-13	3
891	16	2310	2022-03-14	10
892	23	3897	2022-03-14	3
893	37	3714	2022-03-14	3
894	41	3194	2022-03-14	3
895	62	4101	2022-03-14	2
896	113	3342	2022-03-14	3
897	135	1926	2022-03-14	7
898	136	516	2022-03-14	1
899	148	727	2022-03-14	6
900	152	589	2022-03-14	7
901	154	2039	2022-03-14	10
902	158	986	2022-03-14	7
903	160	985	2022-03-14	3
904	171	337	2022-03-14	4
905	190	1228	2022-03-14	10
906	213	336	2022-03-14	7
907	214	1086	2022-03-14	10
908	9	4270	2022-03-15	3
909	11	3172	2022-03-15	3
910	11	2669	2022-03-15	6
911	15	3093	2022-03-15	7
912	34	2182	2022-03-15	8
913	37	2378	2022-03-15	8
914	109	2642	2022-03-15	4
915	122	3924	2022-03-15	2
916	150	1869	2022-03-15	8
917	150	1451	2022-03-15	3
918	161	13	2022-03-15	1
919	163	1586	2022-03-15	1
920	168	326	2022-03-15	3
921	178	191	2022-03-15	10
922	178	2016	2022-03-15	9
923	185	697	2022-03-15	4
924	186	734	2022-03-15	1
925	213	865	2022-03-15	10
926	18	4207	2022-03-16	8
927	29	3111	2022-03-16	9
928	31	4118	2022-03-16	5
929	37	3440	2022-03-16	2
930	46	3232	2022-03-16	7
931	72	2615	2022-03-16	2
932	74	3609	2022-03-16	9
933	98	2705	2022-03-16	1
934	113	2312	2022-03-16	9
935	125	1038	2022-03-16	6
936	135	1424	2022-03-16	9
937	170	1833	2022-03-16	1
938	190	1906	2022-03-16	6
939	191	1918	2022-03-16	6
940	211	744	2022-03-16	1
941	226	1133	2022-03-16	6
942	230	1982	2022-03-16	7
943	14	3981	2022-03-17	7
944	17	2256	2022-03-17	9
945	52	4017	2022-03-17	4
946	88	3807	2022-03-17	2
947	107	2833	2022-03-17	1
948	127	1338	2022-03-17	8
949	130	1972	2022-03-17	1
950	141	1276	2022-03-17	1
951	171	1741	2022-03-17	5
952	180	148	2022-03-17	3
953	226	1213	2022-03-17	1
954	4	3994	2022-03-18	7
955	42	2849	2022-03-18	8
956	45	4276	2022-03-18	10
957	87	2516	2022-03-18	2
958	95	3806	2022-03-18	8
959	99	3154	2022-03-18	10
960	99	2666	2022-03-18	9
961	133	2026	2022-03-18	9
962	143	1867	2022-03-18	6
963	145	1632	2022-03-18	6
964	188	150	2022-03-18	5
965	189	432	2022-03-18	5
966	195	1484	2022-03-18	1
967	26	2976	2022-03-19	8
968	36	3939	2022-03-19	10
969	51	3118	2022-03-19	5
970	104	4168	2022-03-19	1
971	112	3171	2022-03-19	6
972	139	765	2022-03-19	10
973	170	2090	2022-03-19	8
974	178	1004	2022-03-19	7
975	200	1117	2022-03-19	2
976	209	674	2022-03-19	9
977	209	1422	2022-03-19	2
978	211	1046	2022-03-19	8
979	12	2764	2022-03-20	2
980	25	2734	2022-03-20	4
981	41	4174	2022-03-20	5
982	66	3921	2022-03-20	6
983	69	4233	2022-03-20	6
984	85	2573	2022-03-20	3
985	98	3384	2022-03-20	5
986	122	3622	2022-03-20	9
987	160	518	2022-03-20	10
988	170	959	2022-03-20	7
989	177	2055	2022-03-20	4
990	201	439	2022-03-20	6
991	207	891	2022-03-20	4
992	221	2030	2022-03-20	7
993	44	3536	2022-03-21	4
994	64	3580	2022-03-21	5
995	90	2989	2022-03-21	7
996	142	730	2022-03-21	8
997	143	1257	2022-03-21	7
998	156	412	2022-03-21	4
999	162	1423	2022-03-21	2
1000	165	1578	2022-03-21	8
1001	194	1032	2022-03-21	5
1002	211	2035	2022-03-21	1
1003	215	1457	2022-03-21	2
1004	228	1990	2022-03-21	10
1005	3	2726	2022-03-22	7
1006	28	2884	2022-03-22	7
1007	44	4374	2022-03-22	9
1008	58	2415	2022-03-22	2
1009	109	3783	2022-03-22	10
1010	134	2065	2022-03-22	7
1011	136	1723	2022-03-22	9
1012	137	1195	2022-03-22	9
1013	141	1199	2022-03-22	2
1014	153	666	2022-03-22	7
1015	160	1209	2022-03-22	10
1016	161	1083	2022-03-22	8
1017	162	812	2022-03-22	5
1018	203	448	2022-03-22	10
1019	225	2046	2022-03-22	7
1020	233	1198	2022-03-22	8
1021	30	3573	2022-03-23	2
1022	33	2246	2022-03-23	5
1023	49	4373	2022-03-23	5
1024	106	3049	2022-03-23	2
1025	141	536	2022-03-23	10
1026	173	2067	2022-03-23	1
1027	191	67	2022-03-23	6
1028	213	343	2022-03-23	5
1029	225	517	2022-03-23	9
1030	60	2460	2022-03-24	6
1031	62	2647	2022-03-24	2
1032	87	2740	2022-03-24	5
1033	119	4083	2022-03-24	1
1034	122	3581	2022-03-24	10
1035	129	947	2022-03-24	4
1036	145	1035	2022-03-24	3
1037	148	1508	2022-03-24	8
1038	177	1146	2022-03-24	7
1039	190	1635	2022-03-24	6
1040	226	1312	2022-03-24	1
1041	227	1569	2022-03-24	9
1042	228	1276	2022-03-24	3
1043	34	2853	2022-03-25	1
1044	60	4086	2022-03-25	7
1045	89	3773	2022-03-25	7
1046	107	3844	2022-03-25	3
1047	144	461	2022-03-25	2
1048	178	1150	2022-03-25	3
1049	185	948	2022-03-25	8
1050	186	1142	2022-03-25	7
1051	22	3252	2022-03-26	6
1052	58	3938	2022-03-26	8
1053	87	3612	2022-03-26	9
1054	108	3583	2022-03-26	1
1055	148	1006	2022-03-26	7
1056	166	294	2022-03-26	8
1057	191	1103	2022-03-26	7
1058	231	1962	2022-03-26	10
1059	3	3800	2022-03-27	8
1060	30	4210	2022-03-27	3
1061	42	3207	2022-03-27	8
1062	62	2935	2022-03-27	3
1063	141	1497	2022-03-27	5
1064	154	231	2022-03-27	4
1065	167	1789	2022-03-27	5
1066	174	1200	2022-03-27	1
1067	230	1831	2022-03-27	4
1068	2	3333	2022-03-28	4
1069	27	3853	2022-03-28	4
1070	54	2525	2022-03-28	4
1071	58	4259	2022-03-28	2
1072	67	2514	2022-03-28	2
1073	75	3184	2022-03-28	1
1074	104	3330	2022-03-28	3
1075	111	2506	2022-03-28	1
1076	112	3406	2022-03-28	8
1077	125	1762	2022-03-28	3
1078	157	1128	2022-03-28	10
1079	170	473	2022-03-28	1
1080	186	1241	2022-03-28	4
1081	195	320	2022-03-28	1
1082	228	1778	2022-03-28	10
1083	9	4161	2022-03-29	8
1084	23	4159	2022-03-29	2
1085	42	2249	2022-03-29	10
1086	122	3550	2022-03-29	7
1087	133	564	2022-03-29	8
1088	167	1508	2022-03-29	3
1089	186	2153	2022-03-29	2
1090	202	1371	2022-03-29	7
1091	74	2180	2022-03-30	6
1092	75	3099	2022-03-30	8
1093	90	2486	2022-03-30	10
1094	100	4294	2022-03-30	3
1095	117	3880	2022-03-30	1
1096	141	165	2022-03-30	2
1097	144	464	2022-03-30	10
1098	183	960	2022-03-30	4
1099	191	474	2022-03-30	2
1100	191	2149	2022-03-30	2
1101	193	502	2022-03-30	2
1102	210	99	2022-03-30	6
1103	222	1385	2022-03-30	6
1104	2	4241	2022-03-31	4
1105	19	3312	2022-03-31	4
1106	96	2654	2022-03-31	2
1107	157	1029	2022-03-31	10
1108	160	1933	2022-03-31	9
1109	161	2102	2022-03-31	2
1110	184	154	2022-03-31	5
1111	204	168	2022-03-31	5
1112	218	1976	2022-03-31	5
1113	222	528	2022-03-31	1
1114	91	3926	2022-04-01	10
1115	107	2445	2022-04-01	9
1116	112	3322	2022-04-01	10
1117	157	299	2022-04-01	5
1118	175	306	2022-04-01	4
1119	192	1549	2022-04-01	3
1120	199	823	2022-04-01	4
1121	43	4007	2022-04-02	8
1122	89	3637	2022-04-02	3
1123	91	3692	2022-04-02	4
1124	101	3796	2022-04-02	1
1125	120	2237	2022-04-02	4
1126	143	2100	2022-04-02	9
1127	167	27	2022-04-02	3
1128	178	1476	2022-04-02	8
1129	179	2081	2022-04-02	4
1130	179	1735	2022-04-02	6
1131	201	2058	2022-04-02	8
1132	211	642	2022-04-02	7
1133	214	2055	2022-04-02	7
1134	216	1374	2022-04-02	1
1135	228	1312	2022-04-02	4
1136	17	3912	2022-04-03	7
1137	53	2380	2022-04-03	4
1138	93	3686	2022-04-03	9
1139	109	4118	2022-04-03	5
1140	139	837	2022-04-03	7
1141	149	153	2022-04-03	7
1142	168	164	2022-04-03	7
1143	183	2095	2022-04-03	8
1144	191	116	2022-04-03	9
1145	204	2086	2022-04-03	6
1146	210	381	2022-04-03	10
1147	214	1914	2022-04-03	6
1148	218	12	2022-04-03	7
1149	219	2090	2022-04-03	8
1150	221	253	2022-04-03	9
1151	229	1248	2022-04-03	9
1152	232	1637	2022-04-03	8
1153	13	3861	2022-04-04	6
1154	17	2217	2022-04-04	5
1155	23	4115	2022-04-04	1
1156	35	2861	2022-04-04	1
1157	50	2703	2022-04-04	8
1158	68	3766	2022-04-04	3
1159	77	3098	2022-04-04	9
1160	107	3728	2022-04-04	1
1161	112	2427	2022-04-04	9
1162	136	1265	2022-04-04	9
1163	138	374	2022-04-04	4
1164	145	680	2022-04-04	6
1165	146	2082	2022-04-04	10
1166	168	857	2022-04-04	3
1167	200	1059	2022-04-04	6
1168	217	1422	2022-04-04	7
1169	217	631	2022-04-04	5
1170	5	3772	2022-04-05	2
1171	16	3551	2022-04-05	5
1172	23	2270	2022-04-05	2
1173	60	2185	2022-04-05	1
1174	62	3333	2022-04-05	8
1175	78	3441	2022-04-05	2
1176	92	4107	2022-04-05	1
1177	99	3316	2022-04-05	10
1178	105	4221	2022-04-05	2
1179	130	1313	2022-04-05	7
1180	164	1519	2022-04-05	6
1181	176	497	2022-04-05	1
1182	176	1591	2022-04-05	4
1183	178	1839	2022-04-05	6
1184	189	1223	2022-04-05	2
1185	210	1527	2022-04-05	3
1186	22	2430	2022-04-06	8
1187	76	2691	2022-04-06	5
1188	87	4352	2022-04-06	4
1189	89	3674	2022-04-06	6
1190	174	1804	2022-04-06	10
1191	185	289	2022-04-06	2
1192	209	1650	2022-04-06	8
1193	6	2428	2022-04-07	8
1194	19	3401	2022-04-07	4
1195	30	3107	2022-04-07	1
1196	53	3161	2022-04-07	7
1197	80	2982	2022-04-07	2
1198	96	4193	2022-04-07	7
1199	102	2733	2022-04-07	2
1200	147	79	2022-04-07	8
1201	155	23	2022-04-07	7
1202	155	1768	2022-04-07	9
1203	155	465	2022-04-07	3
1204	174	808	2022-04-07	9
1205	181	1563	2022-04-07	4
1206	195	1341	2022-04-07	3
1207	201	517	2022-04-07	3
1208	224	1500	2022-04-07	2
1209	229	1869	2022-04-07	8
1210	14	4098	2022-04-08	8
1211	24	2786	2022-04-08	5
1212	114	3700	2022-04-08	8
1213	125	2015	2022-04-08	10
1214	144	1344	2022-04-08	10
1215	175	2005	2022-04-08	2
1216	177	1012	2022-04-08	5
1217	180	1239	2022-04-08	7
1218	189	1522	2022-04-08	4
1219	218	604	2022-04-08	8
1220	228	429	2022-04-08	10
1221	37	3087	2022-04-09	7
1222	50	2935	2022-04-09	3
1223	76	4128	2022-04-09	7
1224	120	2582	2022-04-09	5
1225	134	1695	2022-04-09	3
1226	156	676	2022-04-09	9
1227	157	1915	2022-04-09	1
1228	170	951	2022-04-09	1
1229	191	1499	2022-04-09	8
1230	211	976	2022-04-09	1
1231	226	1058	2022-04-09	10
1232	232	1496	2022-04-09	4
1233	7	2440	2022-04-10	8
1234	24	2297	2022-04-10	3
1235	58	2605	2022-04-10	6
1236	75	3039	2022-04-10	1
1237	133	996	2022-04-10	3
1238	148	469	2022-04-10	10
1239	152	1023	2022-04-10	9
1240	159	2080	2022-04-10	6
1241	165	1818	2022-04-10	7
1242	165	2064	2022-04-10	7
1243	229	2005	2022-04-10	6
1244	11	2261	2022-04-11	2
1245	33	3816	2022-04-11	4
1246	53	2483	2022-04-11	1
1247	95	4315	2022-04-11	7
1248	99	3231	2022-04-11	5
1249	136	636	2022-04-11	2
1250	141	2010	2022-04-11	4
1251	146	153	2022-04-11	3
1252	156	836	2022-04-11	6
1253	177	842	2022-04-11	8
1254	197	1569	2022-04-11	10
1255	206	1370	2022-04-11	8
1256	1	2698	2022-04-12	4
1257	7	3415	2022-04-12	4
1258	31	3678	2022-04-12	2
1259	43	2388	2022-04-12	3
1260	46	3201	2022-04-12	9
1261	49	3944	2022-04-12	10
1262	70	2318	2022-04-12	10
1263	99	2562	2022-04-12	8
1264	102	2670	2022-04-12	2
1265	117	3965	2022-04-12	4
1266	127	1431	2022-04-12	4
1267	144	1261	2022-04-12	7
1268	160	1997	2022-04-12	4
1269	182	1073	2022-04-12	3
1270	210	1854	2022-04-12	8
1271	219	1332	2022-04-12	5
1272	8	2924	2022-04-13	6
1273	31	2465	2022-04-13	10
1274	53	4317	2022-04-13	6
1275	106	3087	2022-04-13	2
1276	124	2670	2022-04-13	1
1277	125	879	2022-04-13	8
1278	134	511	2022-04-13	1
1279	143	733	2022-04-13	6
1280	160	758	2022-04-13	8
1281	162	2051	2022-04-13	9
1282	163	1715	2022-04-13	6
1283	172	1000	2022-04-13	5
1284	175	1986	2022-04-13	2
1285	1	3753	2022-04-14	8
1286	9	4264	2022-04-14	9
1287	12	3838	2022-04-14	3
1288	48	3793	2022-04-14	1
1289	91	3819	2022-04-14	4
1290	110	3003	2022-04-14	7
1291	140	1544	2022-04-14	7
1292	175	897	2022-04-14	5
1293	182	418	2022-04-14	5
1294	187	369	2022-04-14	9
1295	193	229	2022-04-14	1
1296	233	1887	2022-04-14	3
1297	5	2700	2022-04-15	8
1298	26	4320	2022-04-15	7
1299	28	2670	2022-04-15	1
1300	72	4324	2022-04-15	8
1301	123	3717	2022-04-15	7
1302	157	77	2022-04-15	4
1303	187	592	2022-04-15	1
1304	188	985	2022-04-15	10
1305	194	1887	2022-04-15	5
1306	5	2407	2022-04-16	7
1307	14	4154	2022-04-16	5
1308	23	4317	2022-04-16	6
1309	30	3558	2022-04-16	9
1310	31	2286	2022-04-16	1
1311	38	4255	2022-04-16	9
1312	65	2924	2022-04-16	6
1313	68	2423	2022-04-16	7
1314	130	1137	2022-04-16	3
1315	130	1919	2022-04-16	9
1316	132	1931	2022-04-16	4
1317	147	496	2022-04-16	7
1318	152	1405	2022-04-16	10
1319	175	1397	2022-04-16	3
1320	178	1766	2022-04-16	8
1321	186	20	2022-04-16	7
1322	188	479	2022-04-16	1
1323	191	943	2022-04-16	6
1324	194	1800	2022-04-16	5
1325	217	1741	2022-04-16	3
1326	221	872	2022-04-16	1
1327	226	646	2022-04-16	3
1328	230	1129	2022-04-16	8
1329	16	2785	2022-04-17	7
1330	24	2859	2022-04-17	7
1331	43	2440	2022-04-17	4
1332	47	3411	2022-04-17	10
1333	59	4325	2022-04-17	5
1334	99	2239	2022-04-17	4
1335	117	4151	2022-04-17	8
1336	135	492	2022-04-17	1
1337	139	1249	2022-04-17	5
1338	156	221	2022-04-17	5
1339	164	361	2022-04-17	2
1340	179	1279	2022-04-17	2
1341	213	56	2022-04-17	9
1342	218	1698	2022-04-17	10
1343	225	1244	2022-04-17	7
1344	229	493	2022-04-17	6
1345	3	3496	2022-04-18	5
1346	19	3186	2022-04-18	9
1347	21	2831	2022-04-18	5
1348	39	4110	2022-04-18	1
1349	45	2509	2022-04-18	1
1350	50	3322	2022-04-18	4
1351	61	2957	2022-04-18	5
1352	106	3695	2022-04-18	3
1353	145	884	2022-04-18	8
1354	157	271	2022-04-18	6
1355	191	496	2022-04-18	5
1356	204	830	2022-04-18	8
1357	206	78	2022-04-18	1
1358	207	468	2022-04-18	4
1359	210	348	2022-04-18	10
1360	229	739	2022-04-18	2
1361	33	4033	2022-04-19	1
1362	84	2320	2022-04-19	10
1363	108	2790	2022-04-19	8
1364	116	4385	2022-04-19	2
1365	116	3693	2022-04-19	5
1366	117	3884	2022-04-19	8
1367	118	3484	2022-04-19	5
1368	162	1008	2022-04-19	6
1369	169	784	2022-04-19	8
1370	219	585	2022-04-19	1
1371	228	1442	2022-04-19	7
1372	230	2104	2022-04-19	7
1373	231	1118	2022-04-19	7
1374	5	4160	2022-04-20	7
1375	5	3582	2022-04-20	5
1376	14	4054	2022-04-20	8
1377	22	3529	2022-04-20	7
1378	54	3884	2022-04-20	9
1379	71	2301	2022-04-20	8
1380	73	3781	2022-04-20	8
1381	97	2632	2022-04-20	9
1382	146	208	2022-04-20	2
1383	147	513	2022-04-20	3
1384	167	586	2022-04-20	4
1385	187	754	2022-04-20	9
1386	199	1536	2022-04-20	10
1387	2	3321	2022-04-21	10
1388	27	2418	2022-04-21	3
1389	50	2782	2022-04-21	8
1390	69	2784	2022-04-21	8
1391	69	3227	2022-04-21	8
1392	138	1497	2022-04-21	2
1393	147	1488	2022-04-21	4
1394	150	10	2022-04-21	1
1395	210	1890	2022-04-21	1
1396	216	1601	2022-04-21	7
1397	226	2141	2022-04-21	2
1398	67	3829	2022-04-22	6
1399	134	723	2022-04-22	3
1400	143	232	2022-04-22	9
1401	174	1153	2022-04-22	1
1402	178	899	2022-04-22	5
1403	193	311	2022-04-22	1
1404	199	956	2022-04-22	8
1405	205	439	2022-04-22	1
1406	219	1866	2022-04-22	5
1407	226	1230	2022-04-22	8
1408	14	2246	2022-04-23	3
1409	31	4083	2022-04-23	8
1410	36	3995	2022-04-23	4
1411	57	3091	2022-04-23	5
1412	148	1050	2022-04-23	2
1413	150	1921	2022-04-23	3
1414	152	322	2022-04-23	9
1415	1	4019	2022-04-24	2
1416	55	3585	2022-04-24	3
1417	73	2644	2022-04-24	3
1418	76	2539	2022-04-24	7
1419	93	3373	2022-04-24	6
1420	106	4093	2022-04-24	10
1421	132	2043	2022-04-24	2
1422	135	1712	2022-04-24	1
1423	140	673	2022-04-24	7
1424	160	1639	2022-04-24	3
1425	173	407	2022-04-24	8
1426	176	152	2022-04-24	5
1427	217	74	2022-04-24	6
1428	22	4305	2022-04-25	7
1429	68	3196	2022-04-25	9
1430	69	2503	2022-04-25	7
1431	100	3537	2022-04-25	8
1432	142	9	2022-04-25	2
1433	156	757	2022-04-25	8
1434	165	1856	2022-04-25	3
1435	187	953	2022-04-25	8
1436	194	1921	2022-04-25	10
1437	3	3465	2022-04-26	2
1438	9	3458	2022-04-26	6
1439	12	2707	2022-04-26	6
1440	15	2972	2022-04-26	9
1441	19	3799	2022-04-26	7
1442	31	3647	2022-04-26	2
1443	31	2450	2022-04-26	3
1444	74	4250	2022-04-26	1
1445	100	4125	2022-04-26	2
1446	144	1102	2022-04-26	1
1447	145	1096	2022-04-26	8
1448	153	1455	2022-04-26	10
1449	153	1033	2022-04-26	10
1450	176	915	2022-04-26	7
1451	177	1435	2022-04-26	3
1452	179	1349	2022-04-26	6
1453	180	1598	2022-04-26	5
1454	218	191	2022-04-26	2
1455	221	827	2022-04-26	9
1456	226	1944	2022-04-26	2
1457	23	3363	2022-04-27	8
1458	107	3175	2022-04-27	3
1459	118	4123	2022-04-27	8
1460	137	718	2022-04-27	8
1461	178	1154	2022-04-27	6
1462	184	272	2022-04-27	1
1463	188	1636	2022-04-27	9
1464	222	144	2022-04-27	7
1465	2	2369	2022-04-28	9
1466	25	2859	2022-04-28	1
1467	25	4055	2022-04-28	10
1468	88	2766	2022-04-28	6
1469	98	2207	2022-04-28	3
1470	135	1038	2022-04-28	1
1471	140	1858	2022-04-28	9
1472	140	994	2022-04-28	2
1473	159	112	2022-04-28	6
1474	168	26	2022-04-28	8
1475	16	2621	2022-04-29	3
1476	64	2724	2022-04-29	10
1477	64	3725	2022-04-29	7
1478	65	3483	2022-04-29	10
1479	81	3546	2022-04-29	2
1480	100	2347	2022-04-29	6
1481	135	184	2022-04-29	6
1482	142	1841	2022-04-29	8
1483	190	284	2022-04-29	10
1484	204	2150	2022-04-29	5
1485	11	3634	2022-04-30	8
1486	33	2677	2022-04-30	9
1487	52	2778	2022-04-30	5
1488	79	3737	2022-04-30	2
1489	87	2357	2022-04-30	8
1490	143	901	2022-04-30	2
1491	148	706	2022-04-30	7
1492	151	1061	2022-04-30	6
1493	151	1680	2022-04-30	6
1494	161	1357	2022-04-30	6
1495	185	716	2022-04-30	7
1496	192	1999	2022-04-30	9
1497	208	297	2022-04-30	1
1498	209	248	2022-04-30	5
1499	211	239	2022-04-30	2
1500	221	200	2022-04-30	7
1501	223	96	2022-04-30	10
1502	112	4338	2022-05-01	9
1503	127	644	2022-05-01	7
1504	141	1928	2022-05-01	10
1505	145	1295	2022-05-01	4
1506	149	1930	2022-05-01	3
1507	168	1008	2022-05-01	8
1508	173	1231	2022-05-01	5
1509	176	213	2022-05-01	9
1510	182	1563	2022-05-01	7
1511	221	1936	2022-05-01	10
1512	51	4368	2022-05-02	3
1513	56	2651	2022-05-02	9
1514	86	2163	2022-05-02	9
1515	117	3917	2022-05-02	5
1516	129	1396	2022-05-02	8
1517	131	1566	2022-05-02	4
1518	134	951	2022-05-02	7
1519	146	447	2022-05-02	1
1520	190	794	2022-05-02	8
1521	206	913	2022-05-02	10
1522	6	3654	2022-05-03	4
1523	22	3340	2022-05-03	10
1524	39	2411	2022-05-03	10
1525	42	2947	2022-05-03	5
1526	99	4235	2022-05-03	1
1527	104	3713	2022-05-03	6
1528	111	2366	2022-05-03	5
1529	133	1239	2022-05-03	9
1530	147	1559	2022-05-03	4
1531	150	259	2022-05-03	5
1532	160	1645	2022-05-03	5
1533	192	43	2022-05-03	5
1534	193	131	2022-05-03	10
1535	219	1523	2022-05-03	9
1536	231	440	2022-05-03	6
1537	18	3008	2022-05-04	8
1538	30	2955	2022-05-04	4
1539	45	4299	2022-05-04	9
1540	101	3964	2022-05-04	2
1541	109	2817	2022-05-04	3
1542	123	3326	2022-05-04	9
1543	163	159	2022-05-04	10
1544	168	1178	2022-05-04	1
1545	195	673	2022-05-04	4
1546	198	1936	2022-05-04	6
1547	206	1752	2022-05-04	10
1548	216	967	2022-05-04	5
1549	225	7	2022-05-04	10
1550	228	453	2022-05-04	9
1551	44	2310	2022-05-05	1
1552	51	2207	2022-05-05	2
1553	81	2766	2022-05-05	6
1554	99	2931	2022-05-05	3
1555	106	3861	2022-05-05	10
1556	138	65	2022-05-05	2
1557	160	1195	2022-05-05	10
1558	189	1695	2022-05-05	2
1559	232	1498	2022-05-05	2
1560	3	3409	2022-05-06	9
1561	34	3812	2022-05-06	2
1562	89	3493	2022-05-06	2
1563	116	3952	2022-05-06	3
1564	182	1124	2022-05-06	7
1565	184	1784	2022-05-06	10
1566	190	1979	2022-05-06	4
1567	210	1468	2022-05-06	5
1568	211	813	2022-05-06	10
1569	223	1591	2022-05-06	8
1570	233	1546	2022-05-06	6
1571	28	2771	2022-05-07	4
1572	37	2879	2022-05-07	10
1573	54	3398	2022-05-07	9
1574	68	3144	2022-05-07	8
1575	92	2609	2022-05-07	6
1576	93	4340	2022-05-07	5
1577	105	3894	2022-05-07	2
1578	128	1939	2022-05-07	4
1579	149	1623	2022-05-07	8
1580	152	498	2022-05-07	9
1581	165	1825	2022-05-07	8
1582	173	412	2022-05-07	5
1583	175	291	2022-05-07	1
1584	180	729	2022-05-07	5
1585	194	1853	2022-05-07	1
1586	197	40	2022-05-07	2
1587	206	1181	2022-05-07	7
1588	209	1719	2022-05-07	6
1589	226	2150	2022-05-07	4
1590	59	3684	2022-05-08	5
1591	64	3649	2022-05-08	7
1592	68	3268	2022-05-08	8
1593	105	3210	2022-05-08	7
1594	114	2507	2022-05-08	7
1595	120	2973	2022-05-08	4
1596	165	1860	2022-05-08	1
1597	166	784	2022-05-08	4
1598	177	502	2022-05-08	2
1599	186	235	2022-05-08	5
1600	188	418	2022-05-08	7
1601	193	971	2022-05-08	6
1602	195	1799	2022-05-08	8
1603	204	1627	2022-05-08	10
1604	223	966	2022-05-08	5
1605	2	2295	2022-05-09	4
1606	5	2986	2022-05-09	8
1607	12	2799	2022-05-09	7
1608	31	4213	2022-05-09	2
1609	58	2285	2022-05-09	1
1610	102	3694	2022-05-09	6
1611	106	2586	2022-05-09	6
1612	111	4046	2022-05-09	10
1613	125	903	2022-05-09	8
1614	130	799	2022-05-09	10
1615	152	587	2022-05-09	4
1616	157	1138	2022-05-09	7
1617	49	2812	2022-05-10	4
1618	52	2515	2022-05-10	5
1619	71	3138	2022-05-10	8
1620	76	3538	2022-05-10	1
1621	97	4277	2022-05-10	4
1622	126	1510	2022-05-10	8
1623	163	1733	2022-05-10	3
1624	170	176	2022-05-10	8
1625	193	623	2022-05-10	5
1626	198	1663	2022-05-10	6
1627	198	856	2022-05-10	7
1628	205	976	2022-05-10	6
1629	217	424	2022-05-10	7
1630	11	4121	2022-05-11	2
1631	22	3258	2022-05-11	4
1632	37	4032	2022-05-11	1
1633	46	3629	2022-05-11	7
1634	120	3720	2022-05-11	3
1635	135	421	2022-05-11	7
1636	144	2053	2022-05-11	9
1637	154	403	2022-05-11	7
1638	204	582	2022-05-11	10
1639	209	447	2022-05-11	1
1640	220	1879	2022-05-11	6
1641	224	2125	2022-05-11	5
1642	228	1083	2022-05-11	4
1643	14	2983	2022-05-12	9
1644	16	2819	2022-05-12	6
1645	24	2958	2022-05-12	1
1646	58	4174	2022-05-12	1
1647	68	3346	2022-05-12	8
1648	71	2584	2022-05-12	6
1649	74	3004	2022-05-12	9
1650	101	3378	2022-05-12	5
1651	103	3427	2022-05-12	2
1652	111	2976	2022-05-12	7
1653	114	3719	2022-05-12	9
1654	122	3105	2022-05-12	9
1655	233	1222	2022-05-12	7
1656	15	3873	2022-05-13	9
1657	34	2376	2022-05-13	9
1658	104	2882	2022-05-13	6
1659	125	2021	2022-05-13	8
1660	137	885	2022-05-13	4
1661	137	811	2022-05-13	5
1662	146	73	2022-05-13	5
1663	148	716	2022-05-13	5
1664	153	2009	2022-05-13	7
1665	180	1294	2022-05-13	8
1666	198	1281	2022-05-13	5
1667	204	1522	2022-05-13	5
1668	223	223	2022-05-13	5
1669	226	596	2022-05-13	7
1670	61	3762	2022-05-14	5
1671	76	3488	2022-05-14	2
1672	148	848	2022-05-14	6
1673	177	843	2022-05-14	4
1674	185	762	2022-05-14	1
1675	211	333	2022-05-14	6
1676	13	3749	2022-05-15	8
1677	21	2986	2022-05-15	6
1678	35	2849	2022-05-15	2
1679	55	4102	2022-05-15	6
1680	65	4262	2022-05-15	1
1681	82	2971	2022-05-15	5
1682	89	3884	2022-05-15	10
1683	115	2358	2022-05-15	3
1684	119	2635	2022-05-15	2
1685	157	2119	2022-05-15	8
1686	163	1925	2022-05-15	6
1687	207	116	2022-05-15	8
1688	208	2085	2022-05-15	10
1689	213	2068	2022-05-15	3
1690	48	2483	2022-05-16	3
1691	72	2692	2022-05-16	4
1692	92	3538	2022-05-16	6
1693	146	555	2022-05-16	3
1694	148	1864	2022-05-16	6
1695	153	1596	2022-05-16	8
1696	163	13	2022-05-16	3
1697	166	1766	2022-05-16	3
1698	169	1772	2022-05-16	1
1699	184	1540	2022-05-16	5
1700	184	2107	2022-05-16	3
1701	205	244	2022-05-16	3
1702	33	3853	2022-05-17	2
1703	71	3999	2022-05-17	4
1704	80	3849	2022-05-17	7
1705	181	403	2022-05-17	7
1706	182	237	2022-05-17	7
1707	222	2097	2022-05-17	6
1708	19	2867	2022-05-18	8
1709	40	2827	2022-05-18	7
1710	43	2768	2022-05-18	4
1711	63	3943	2022-05-18	7
1712	84	2909	2022-05-18	10
1713	87	3734	2022-05-18	8
1714	110	4351	2022-05-18	7
1715	131	581	2022-05-18	9
1716	220	1639	2022-05-18	1
1717	230	323	2022-05-18	10
1718	85	2306	2022-05-19	7
1719	99	3461	2022-05-19	4
1720	103	3714	2022-05-19	5
1721	114	2257	2022-05-19	3
1722	130	1549	2022-05-19	1
1723	132	728	2022-05-19	8
1724	133	416	2022-05-19	7
1725	147	1013	2022-05-19	5
1726	176	135	2022-05-19	2
1727	181	1541	2022-05-19	5
1728	219	611	2022-05-19	3
1729	9	3681	2022-05-20	3
1730	18	2244	2022-05-20	8
1731	83	2656	2022-05-20	2
1732	116	3081	2022-05-20	5
1733	135	468	2022-05-20	7
1734	153	905	2022-05-20	2
1735	195	2132	2022-05-20	8
1736	211	942	2022-05-20	3
1737	36	3546	2022-05-21	10
1738	47	2709	2022-05-21	8
1739	76	3473	2022-05-21	10
1740	82	3540	2022-05-21	7
1741	108	2673	2022-05-21	8
1742	121	4098	2022-05-21	10
1743	126	552	2022-05-21	5
1744	128	2001	2022-05-21	3
1745	145	492	2022-05-21	3
1746	160	2003	2022-05-21	8
1747	167	855	2022-05-21	2
1748	176	1672	2022-05-21	7
1749	197	1672	2022-05-21	9
1750	199	530	2022-05-21	10
1751	211	1688	2022-05-21	2
1752	220	401	2022-05-21	3
1753	9	4236	2022-05-22	4
1754	10	4145	2022-05-22	7
1755	45	2408	2022-05-22	5
1756	50	2342	2022-05-22	4
1757	81	2583	2022-05-22	1
1758	94	3090	2022-05-22	10
1759	130	1547	2022-05-22	4
1760	142	502	2022-05-22	8
1761	145	262	2022-05-22	1
1762	157	1760	2022-05-22	7
1763	221	843	2022-05-22	2
1764	230	589	2022-05-22	3
1765	15	3320	2022-05-23	2
1766	31	3461	2022-05-23	8
1767	86	2442	2022-05-23	9
1768	105	3290	2022-05-23	2
1769	109	4119	2022-05-23	5
1770	122	2174	2022-05-23	10
1771	139	1204	2022-05-23	10
1772	143	1211	2022-05-23	1
1773	145	290	2022-05-23	10
1774	158	1848	2022-05-23	9
1775	170	785	2022-05-23	6
1776	180	1523	2022-05-23	10
1777	185	1078	2022-05-23	4
1778	188	1446	2022-05-23	5
1779	198	1731	2022-05-23	9
1780	220	2114	2022-05-23	3
1781	227	756	2022-05-23	1
1782	4	3145	2022-05-24	2
1783	4	3413	2022-05-24	2
1784	45	3269	2022-05-24	4
1785	48	3788	2022-05-24	7
1786	77	2999	2022-05-24	2
1787	80	4162	2022-05-24	6
1788	83	2648	2022-05-24	7
1789	87	2918	2022-05-24	4
1790	112	3148	2022-05-24	7
1791	168	683	2022-05-24	2
1792	180	101	2022-05-24	2
1793	208	951	2022-05-24	2
1794	211	1402	2022-05-24	8
1795	1	3887	2022-05-25	1
1796	5	4210	2022-05-25	6
1797	6	3257	2022-05-25	10
1798	13	2490	2022-05-25	9
1799	22	2224	2022-05-25	10
1800	60	2877	2022-05-25	3
1801	63	2842	2022-05-25	1
1802	66	2330	2022-05-25	2
1803	96	2699	2022-05-25	3
1804	99	4228	2022-05-25	2
1805	108	2391	2022-05-25	7
1806	120	4162	2022-05-25	8
1807	123	2212	2022-05-25	3
1808	156	651	2022-05-25	9
1809	157	918	2022-05-25	6
1810	160	1154	2022-05-25	2
1811	173	2136	2022-05-25	5
1812	174	386	2022-05-25	6
1813	175	1108	2022-05-25	1
1814	188	725	2022-05-25	2
1815	203	1661	2022-05-25	1
1816	207	1216	2022-05-25	8
1817	211	890	2022-05-25	6
1818	26	2750	2022-05-26	7
1819	38	3343	2022-05-26	8
1820	64	3657	2022-05-26	2
1821	69	4181	2022-05-26	2
1822	77	3017	2022-05-26	10
1823	97	3417	2022-05-26	2
1824	145	1369	2022-05-26	6
1825	153	1021	2022-05-26	6
1826	174	1519	2022-05-26	4
1827	181	1284	2022-05-26	7
1828	209	1655	2022-05-26	4
1829	3	4378	2022-05-27	4
1830	5	2581	2022-05-27	6
1831	23	2284	2022-05-27	5
1832	58	2397	2022-05-27	9
1833	68	3315	2022-05-27	2
1834	75	2205	2022-05-27	1
1835	97	4253	2022-05-27	8
1836	107	3351	2022-05-27	8
1837	120	3897	2022-05-27	4
1838	129	1880	2022-05-27	4
1839	139	1179	2022-05-27	7
1840	152	439	2022-05-27	6
1841	152	715	2022-05-27	4
1842	170	231	2022-05-27	10
1843	172	413	2022-05-27	9
1844	201	440	2022-05-27	2
1845	221	2126	2022-05-27	7
1846	17	3355	2022-05-28	8
1847	20	2910	2022-05-28	9
1848	26	4025	2022-05-28	1
1849	48	2427	2022-05-28	9
1850	83	3864	2022-05-28	5
1851	88	3807	2022-05-28	9
1852	97	4038	2022-05-28	1
1853	100	2517	2022-05-28	4
1854	103	3194	2022-05-28	2
1855	157	1550	2022-05-28	2
1856	220	1967	2022-05-28	2
1857	221	129	2022-05-28	5
1858	230	850	2022-05-28	5
1859	1	2770	2022-05-29	5
1860	2	2240	2022-05-29	7
1861	5	2720	2022-05-29	8
1862	82	2512	2022-05-29	6
1863	129	2129	2022-05-29	2
1864	214	30	2022-05-29	9
1865	50	3698	2022-05-30	7
1866	61	2332	2022-05-30	9
1867	89	3018	2022-05-30	2
1868	113	2560	2022-05-30	9
1869	158	1387	2022-05-30	8
1870	161	1886	2022-05-30	3
1871	195	1498	2022-05-30	4
1872	209	715	2022-05-30	10
1873	219	427	2022-05-30	8
1874	21	4327	2022-05-31	4
1875	25	2612	2022-05-31	3
1876	31	4037	2022-05-31	4
1877	56	2652	2022-05-31	10
1878	97	2760	2022-05-31	1
1879	112	3278	2022-05-31	1
1880	206	594	2022-05-31	3
1881	222	1579	2022-05-31	1
1882	228	336	2022-05-31	10
1883	13	3231	2022-06-01	1
1884	33	4357	2022-06-01	2
1885	48	3030	2022-06-01	1
1886	65	3430	2022-06-01	1
1887	70	3139	2022-06-01	10
1888	114	3241	2022-06-01	9
1889	115	3201	2022-06-01	2
1890	145	1602	2022-06-01	4
1891	151	78	2022-06-01	5
1892	156	420	2022-06-01	2
1893	185	1958	2022-06-01	8
1894	203	1695	2022-06-01	4
1895	210	663	2022-06-01	10
1896	212	1104	2022-06-01	7
1897	221	1296	2022-06-01	8
1898	7	4262	2022-06-02	3
1899	17	4190	2022-06-02	7
1900	26	3622	2022-06-02	1
1901	114	3926	2022-06-02	8
1902	121	3608	2022-06-02	4
1903	126	1749	2022-06-02	3
1904	159	271	2022-06-02	4
1905	177	1166	2022-06-02	10
1906	180	1570	2022-06-02	3
1907	211	132	2022-06-02	4
1908	231	792	2022-06-02	2
1909	38	3729	2022-06-03	4
1910	38	2919	2022-06-03	1
1911	40	2336	2022-06-03	10
1912	63	4098	2022-06-03	8
1913	91	2539	2022-06-03	1
1914	112	4020	2022-06-03	10
1915	129	2152	2022-06-03	10
1916	136	1640	2022-06-03	8
1917	186	117	2022-06-03	1
1918	213	949	2022-06-03	3
1919	217	1355	2022-06-03	2
1920	223	1549	2022-06-03	1
1921	45	3264	2022-06-04	3
1922	53	3074	2022-06-04	4
1923	65	2756	2022-06-04	2
1924	120	2867	2022-06-04	8
1925	140	1929	2022-06-04	5
1926	166	1245	2022-06-04	4
1927	202	203	2022-06-04	2
1928	215	1726	2022-06-04	3
1929	216	313	2022-06-04	6
1930	220	1260	2022-06-04	4
1931	225	1013	2022-06-04	9
1932	41	4095	2022-06-05	3
1933	42	3319	2022-06-05	3
1934	50	2547	2022-06-05	9
1935	71	3261	2022-06-05	10
1936	71	2764	2022-06-05	9
1937	89	3681	2022-06-05	2
1938	91	3118	2022-06-05	3
1939	111	2894	2022-06-05	7
1940	169	1297	2022-06-05	6
1941	172	896	2022-06-05	8
1942	212	2068	2022-06-05	8
1943	218	1390	2022-06-05	4
1944	8	3072	2022-06-06	5
1945	16	3263	2022-06-06	9
1946	32	2990	2022-06-06	2
1947	36	3530	2022-06-06	1
1948	36	2914	2022-06-06	4
1949	94	4246	2022-06-06	3
1950	111	4088	2022-06-06	1
1951	137	1482	2022-06-06	2
1952	142	937	2022-06-06	8
1953	199	1539	2022-06-06	7
1954	231	1460	2022-06-06	10
1955	232	344	2022-06-06	8
1956	69	3309	2022-06-07	5
1957	104	3037	2022-06-07	5
1958	153	940	2022-06-07	4
1959	160	60	2022-06-07	1
1960	185	181	2022-06-07	7
1961	200	972	2022-06-07	10
1962	18	3206	2022-06-08	3
1963	74	3667	2022-06-08	9
1964	90	3957	2022-06-08	7
1965	90	4314	2022-06-08	1
1966	104	3124	2022-06-08	7
1967	105	3088	2022-06-08	3
1968	127	1679	2022-06-08	2
1969	149	1752	2022-06-08	2
1970	155	1472	2022-06-08	8
1971	173	1965	2022-06-08	4
1972	188	1480	2022-06-08	7
1973	229	1648	2022-06-08	10
1974	36	3501	2022-06-09	1
1975	46	2241	2022-06-09	1
1976	59	2197	2022-06-09	3
1977	65	2531	2022-06-09	2
1978	95	2903	2022-06-09	3
1979	113	4197	2022-06-09	8
1980	138	60	2022-06-09	7
1981	147	12	2022-06-09	3
1982	176	1600	2022-06-09	1
1983	184	231	2022-06-09	9
1984	185	1571	2022-06-09	10
1985	230	1896	2022-06-09	7
1986	25	2645	2022-06-10	2
1987	38	2320	2022-06-10	3
1988	69	2492	2022-06-10	1
1989	130	487	2022-06-10	9
1990	132	575	2022-06-10	7
1991	135	2016	2022-06-10	1
1992	141	708	2022-06-10	6
1993	160	1565	2022-06-10	7
1994	173	1923	2022-06-10	3
1995	229	1249	2022-06-10	5
1996	233	1454	2022-06-10	5
1997	71	2702	2022-06-11	9
1998	87	3674	2022-06-11	7
1999	117	3107	2022-06-11	7
2000	175	1144	2022-06-11	6
2001	191	1230	2022-06-11	1
2002	9	4226	2022-06-12	8
2003	47	3184	2022-06-12	9
2004	70	3600	2022-06-12	3
2005	127	1270	2022-06-12	2
2006	130	729	2022-06-12	1
2007	134	1456	2022-06-12	6
2008	141	1763	2022-06-12	3
2009	149	461	2022-06-12	8
2010	152	1152	2022-06-12	2
2011	162	243	2022-06-12	10
2012	165	726	2022-06-12	4
2013	192	381	2022-06-12	9
2014	202	197	2022-06-12	10
2015	204	249	2022-06-12	3
2016	208	2023	2022-06-12	3
2017	222	1379	2022-06-12	4
2018	225	1615	2022-06-12	4
2019	21	3853	2022-06-13	9
2020	50	2828	2022-06-13	5
2021	89	2355	2022-06-13	5
2022	90	3657	2022-06-13	6
2023	101	2728	2022-06-13	2
2024	108	2209	2022-06-13	4
2025	113	2652	2022-06-13	1
2026	125	1022	2022-06-13	8
2027	148	1591	2022-06-13	4
2028	186	1840	2022-06-13	2
2029	191	1590	2022-06-13	10
2030	228	1021	2022-06-13	3
2031	66	3080	2022-06-14	10
2032	67	3603	2022-06-14	9
2033	91	3358	2022-06-14	3
2034	98	2407	2022-06-14	6
2035	139	1105	2022-06-14	8
2036	141	1130	2022-06-14	2
2037	158	1039	2022-06-14	7
2038	188	2148	2022-06-14	1
2039	197	1929	2022-06-14	8
2040	201	788	2022-06-14	9
2041	202	943	2022-06-14	9
2042	224	1301	2022-06-14	9
2043	83	2502	2022-06-15	8
2044	106	3923	2022-06-15	6
2045	113	2300	2022-06-15	6
2046	124	2820	2022-06-15	7
2047	133	1140	2022-06-15	1
2048	140	797	2022-06-15	7
2049	163	1779	2022-06-15	5
2050	193	2052	2022-06-15	8
2051	204	1480	2022-06-15	5
2052	214	1973	2022-06-15	2
2053	226	1290	2022-06-15	10
2054	226	786	2022-06-15	4
2055	62	2840	2022-06-16	8
2056	73	3436	2022-06-16	2
2057	75	2422	2022-06-16	8
2058	77	2830	2022-06-16	4
2059	91	4128	2022-06-16	1
2060	103	3573	2022-06-16	2
2061	155	1783	2022-06-16	10
2062	175	363	2022-06-16	2
2063	231	543	2022-06-16	2
2064	232	141	2022-06-16	5
2065	233	175	2022-06-16	4
2066	43	2380	2022-06-17	8
2067	86	3274	2022-06-17	10
2068	96	2829	2022-06-17	1
2069	121	3298	2022-06-17	7
2070	147	374	2022-06-17	6
2071	149	616	2022-06-17	7
2072	186	1273	2022-06-17	1
2073	193	1511	2022-06-17	8
2074	206	966	2022-06-17	4
2075	207	941	2022-06-17	5
2076	210	1723	2022-06-17	9
2077	210	779	2022-06-17	3
2078	6	4223	2022-06-18	1
2079	9	3420	2022-06-18	1
2080	38	3854	2022-06-18	8
2081	54	3328	2022-06-18	2
2082	70	3608	2022-06-18	8
2083	79	4093	2022-06-18	10
2084	85	2900	2022-06-18	5
2085	112	2598	2022-06-18	10
2086	164	440	2022-06-18	5
2087	168	1501	2022-06-18	3
2088	172	519	2022-06-18	5
2089	174	301	2022-06-18	1
2090	179	1447	2022-06-18	7
2091	199	797	2022-06-18	7
2092	224	1725	2022-06-18	8
2093	41	3809	2022-06-19	5
2094	65	3791	2022-06-19	1
2095	107	3042	2022-06-19	10
2096	118	4121	2022-06-19	10
2097	126	657	2022-06-19	1
2098	170	1358	2022-06-19	7
2099	174	2132	2022-06-19	8
2100	201	264	2022-06-19	7
2101	207	789	2022-06-19	2
2102	207	1567	2022-06-19	3
2103	215	573	2022-06-19	1
2104	22	3751	2022-06-20	5
2105	51	2399	2022-06-20	8
2106	71	3777	2022-06-20	3
2107	81	4234	2022-06-20	5
2108	92	3355	2022-06-20	6
2109	98	2960	2022-06-20	4
2110	106	3884	2022-06-20	2
2111	116	2993	2022-06-20	10
2112	138	1280	2022-06-20	6
2113	148	143	2022-06-20	8
2114	165	1931	2022-06-20	3
2115	167	25	2022-06-20	5
2116	193	579	2022-06-20	8
2117	37	2336	2022-06-21	2
2118	48	4165	2022-06-21	5
2119	69	2741	2022-06-21	3
2120	163	345	2022-06-21	9
2121	172	801	2022-06-21	8
2122	177	743	2022-06-21	6
2123	177	1560	2022-06-21	4
2124	201	2059	2022-06-21	3
2125	216	94	2022-06-21	8
2126	233	518	2022-06-21	5
2127	17	2184	2022-06-22	9
2128	41	2591	2022-06-22	3
2129	64	4300	2022-06-22	1
2130	84	4316	2022-06-22	7
2131	127	841	2022-06-22	8
2132	188	1935	2022-06-22	8
2133	200	136	2022-06-22	5
2134	211	557	2022-06-22	9
2135	3	3569	2022-06-23	1
2136	38	2442	2022-06-23	2
2137	53	3386	2022-06-23	6
2138	53	2179	2022-06-23	8
2139	56	3750	2022-06-23	9
2140	109	3843	2022-06-23	7
2141	128	2	2022-06-23	4
2142	144	482	2022-06-23	5
2143	153	1969	2022-06-23	5
2144	182	322	2022-06-23	8
2145	191	370	2022-06-23	4
2146	199	713	2022-06-23	3
2147	223	1105	2022-06-23	4
2148	25	3717	2022-06-24	9
2149	54	2669	2022-06-24	7
2150	59	2780	2022-06-24	6
2151	100	3489	2022-06-24	8
2152	101	3300	2022-06-24	8
2153	124	3806	2022-06-24	10
2154	138	110	2022-06-24	7
2155	140	461	2022-06-24	8
2156	181	821	2022-06-24	3
2157	199	316	2022-06-24	8
2158	205	830	2022-06-24	8
2159	208	1230	2022-06-24	10
2160	52	3886	2022-06-25	5
2161	65	4389	2022-06-25	1
2162	71	4366	2022-06-25	7
2163	105	3990	2022-06-25	10
2164	111	2934	2022-06-25	9
2165	136	588	2022-06-25	1
2166	163	80	2022-06-25	10
2167	169	186	2022-06-25	9
2168	175	1424	2022-06-25	5
2169	179	176	2022-06-25	7
2170	194	509	2022-06-25	2
2171	210	1549	2022-06-25	9
2172	218	1251	2022-06-25	7
2173	224	2152	2022-06-25	4
2174	231	780	2022-06-25	9
2175	63	3116	2022-06-26	4
2176	84	4337	2022-06-26	9
2177	93	2444	2022-06-26	2
2178	106	3187	2022-06-26	3
2179	114	2996	2022-06-26	4
2180	132	1453	2022-06-26	5
2181	153	745	2022-06-26	2
2182	176	1694	2022-06-26	4
2183	202	1178	2022-06-26	3
2184	206	1472	2022-06-26	5
2185	209	110	2022-06-26	2
2186	229	1782	2022-06-26	2
2187	232	2153	2022-06-26	5
2188	24	3980	2022-06-27	8
2189	45	4259	2022-06-27	5
2190	50	3975	2022-06-27	5
2191	50	3735	2022-06-27	8
2192	69	2769	2022-06-27	1
2193	70	3932	2022-06-27	3
2194	71	3048	2022-06-27	5
2195	86	3892	2022-06-27	4
2196	107	3491	2022-06-27	1
2197	114	2785	2022-06-27	9
2198	122	3244	2022-06-27	4
2199	173	1544	2022-06-27	4
2200	26	2492	2022-06-28	4
2201	35	2776	2022-06-28	5
2202	37	2776	2022-06-28	9
2203	60	2175	2022-06-28	1
2204	85	3979	2022-06-28	4
2205	94	2601	2022-06-28	8
2206	115	3899	2022-06-28	7
2207	161	951	2022-06-28	6
2208	167	1254	2022-06-28	10
2209	180	2006	2022-06-28	7
2210	206	377	2022-06-28	5
2211	206	367	2022-06-28	4
2212	221	211	2022-06-28	2
2213	226	709	2022-06-28	10
2214	226	997	2022-06-28	2
2215	8	3518	2022-06-29	5
2216	19	4126	2022-06-29	1
2217	57	3911	2022-06-29	4
2218	88	4239	2022-06-29	5
2219	98	4010	2022-06-29	1
2220	112	3556	2022-06-29	5
2221	126	1316	2022-06-29	10
2222	141	1116	2022-06-29	5
2223	151	1192	2022-06-29	3
2224	169	947	2022-06-29	2
2225	192	1754	2022-06-29	8
2226	193	67	2022-06-29	4
2227	196	1130	2022-06-29	10
2228	22	3804	2022-06-30	4
2229	40	2657	2022-06-30	10
2230	57	2504	2022-06-30	1
2231	78	3821	2022-06-30	8
2232	88	3058	2022-06-30	6
2233	90	4359	2022-06-30	2
2234	107	3872	2022-06-30	1
2235	116	2862	2022-06-30	3
2236	134	2068	2022-06-30	1
2237	136	574	2022-06-30	5
2238	145	502	2022-06-30	7
2239	150	778	2022-06-30	1
2240	150	1070	2022-06-30	3
2241	154	1269	2022-06-30	5
2242	170	1293	2022-06-30	9
2243	190	877	2022-06-30	9
2244	10	2709	2022-07-01	8
2245	20	3669	2022-07-01	8
2246	35	3314	2022-07-01	6
2247	63	3414	2022-07-01	1
2248	67	2603	2022-07-01	9
2249	140	2127	2022-07-01	2
2250	146	1140	2022-07-01	1
2251	150	998	2022-07-01	10
2252	155	794	2022-07-01	3
2253	186	1143	2022-07-01	10
2254	210	1808	2022-07-01	9
2255	229	978	2022-07-01	5
2256	20	3745	2022-07-02	5
2257	26	3223	2022-07-02	7
2258	33	3992	2022-07-02	10
2259	34	2861	2022-07-02	10
2260	36	3091	2022-07-02	2
2261	106	2347	2022-07-02	7
2262	109	3605	2022-07-02	8
2263	122	4128	2022-07-02	5
2264	134	1286	2022-07-02	7
2265	154	2088	2022-07-02	5
2266	166	389	2022-07-02	5
2267	188	397	2022-07-02	8
2268	195	1470	2022-07-02	6
2269	215	70	2022-07-02	10
2270	232	537	2022-07-02	4
2271	232	1398	2022-07-02	2
2272	233	643	2022-07-02	4
2273	24	3936	2022-07-03	9
2274	61	2415	2022-07-03	1
2275	117	2517	2022-07-03	6
2276	128	839	2022-07-03	5
2277	129	2119	2022-07-03	6
2278	157	191	2022-07-03	6
2279	162	314	2022-07-03	4
2280	168	715	2022-07-03	1
2281	3	3205	2022-07-04	7
2282	12	4218	2022-07-04	7
2283	16	2623	2022-07-04	9
2284	45	2485	2022-07-04	6
2285	64	4341	2022-07-04	7
2286	111	2497	2022-07-04	9
2287	153	478	2022-07-04	7
2288	206	1768	2022-07-04	4
2289	3	2224	2022-07-05	5
2290	17	2830	2022-07-05	1
2291	33	4102	2022-07-05	8
2292	36	3824	2022-07-05	5
2293	40	4110	2022-07-05	2
2294	52	2844	2022-07-05	2
2295	64	4168	2022-07-05	4
2296	92	3355	2022-07-05	4
2297	108	2301	2022-07-05	8
2298	117	3335	2022-07-05	1
2299	132	292	2022-07-05	10
2300	142	1675	2022-07-05	1
2301	165	1186	2022-07-05	5
2302	187	2135	2022-07-05	3
2303	224	249	2022-07-05	5
2304	10	4296	2022-07-06	8
2305	58	2840	2022-07-06	5
2306	88	3701	2022-07-06	5
2307	92	3284	2022-07-06	1
2308	106	2265	2022-07-06	3
2309	115	3822	2022-07-06	6
2310	121	2946	2022-07-06	2
2311	137	263	2022-07-06	3
2312	162	377	2022-07-06	3
2313	210	102	2022-07-06	9
2314	11	2984	2022-07-07	9
2315	12	2802	2022-07-07	1
2316	13	4123	2022-07-07	8
2317	57	2705	2022-07-07	4
2318	113	2518	2022-07-07	8
2319	137	448	2022-07-07	2
2320	150	1609	2022-07-07	2
2321	165	881	2022-07-07	4
2322	185	474	2022-07-07	2
2323	187	708	2022-07-07	9
2324	188	1818	2022-07-07	1
2325	208	1167	2022-07-07	1
2326	221	378	2022-07-07	6
2327	222	639	2022-07-07	9
2328	228	1447	2022-07-07	6
2329	231	700	2022-07-07	2
2330	3	4038	2022-07-08	4
2331	77	3811	2022-07-08	6
2332	87	3410	2022-07-08	1
2333	103	3570	2022-07-08	2
2334	114	3442	2022-07-08	10
2335	145	94	2022-07-08	2
2336	151	1818	2022-07-08	6
2337	156	467	2022-07-08	10
2338	158	580	2022-07-08	2
2339	179	1418	2022-07-08	7
2340	226	1707	2022-07-08	5
2341	1	3755	2022-07-09	3
2342	38	3223	2022-07-09	6
2343	59	3484	2022-07-09	1
2344	111	3605	2022-07-09	5
2345	112	2367	2022-07-09	6
2346	121	3756	2022-07-09	6
2347	139	734	2022-07-09	3
2348	154	554	2022-07-09	7
2349	177	1092	2022-07-09	10
2350	185	534	2022-07-09	3
2351	214	1530	2022-07-09	4
2352	20	4281	2022-07-10	6
2353	33	2338	2022-07-10	7
2354	68	2667	2022-07-10	9
2355	80	3111	2022-07-10	9
2356	89	4179	2022-07-10	1
2357	123	2247	2022-07-10	9
2358	157	1446	2022-07-10	7
2359	186	2029	2022-07-10	6
2360	189	234	2022-07-10	9
2361	190	348	2022-07-10	5
2362	202	1698	2022-07-10	5
2363	223	1184	2022-07-10	4
2364	226	1635	2022-07-10	3
2365	9	3573	2022-07-11	9
2366	77	3560	2022-07-11	7
2367	77	3197	2022-07-11	2
2368	107	4135	2022-07-11	7
2369	115	3031	2022-07-11	4
2370	123	3290	2022-07-11	5
2371	128	1808	2022-07-11	7
2372	141	1526	2022-07-11	4
2373	144	444	2022-07-11	2
2374	156	1219	2022-07-11	2
2375	162	44	2022-07-11	7
2376	162	196	2022-07-11	10
2377	192	103	2022-07-11	4
2378	195	315	2022-07-11	4
2379	213	1914	2022-07-11	10
2380	225	1273	2022-07-11	9
2381	6	3360	2022-07-12	9
2382	8	2876	2022-07-12	10
2383	30	4164	2022-07-12	6
2384	31	3762	2022-07-12	1
2385	33	2175	2022-07-12	9
2386	76	3083	2022-07-12	7
2387	79	2905	2022-07-12	10
2388	97	3487	2022-07-12	6
2389	98	2907	2022-07-12	2
2390	102	2826	2022-07-12	6
2391	110	3708	2022-07-12	1
2392	120	3824	2022-07-12	9
2393	124	4350	2022-07-12	1
2394	132	1973	2022-07-12	8
2395	134	945	2022-07-12	6
2396	196	1402	2022-07-12	9
2397	10	3285	2022-07-13	4
2398	33	4016	2022-07-13	8
2399	41	3757	2022-07-13	1
2400	80	2779	2022-07-13	5
2401	81	3920	2022-07-13	4
2402	103	3961	2022-07-13	10
2403	109	3093	2022-07-13	5
2404	133	1630	2022-07-13	1
2405	139	911	2022-07-13	8
2406	147	495	2022-07-13	3
2407	183	1927	2022-07-13	5
2408	226	142	2022-07-13	8
2409	233	214	2022-07-13	9
2410	110	2846	2022-07-14	10
2411	157	2023	2022-07-14	5
2412	168	1872	2022-07-14	9
2413	185	1230	2022-07-14	7
2414	225	358	2022-07-14	2
2415	7	4111	2022-07-15	3
2416	8	2389	2022-07-15	6
2417	34	2704	2022-07-15	6
2418	51	3028	2022-07-15	8
2419	75	2470	2022-07-15	6
2420	84	4307	2022-07-15	7
2421	99	3192	2022-07-15	2
2422	100	2743	2022-07-15	9
2423	131	61	2022-07-15	2
2424	165	1808	2022-07-15	1
2425	171	1933	2022-07-15	9
2426	171	1337	2022-07-15	7
2427	177	186	2022-07-15	7
2428	184	1279	2022-07-15	7
2429	198	680	2022-07-15	10
2430	211	7	2022-07-15	3
2431	217	1093	2022-07-15	9
2432	224	1169	2022-07-15	6
2433	229	323	2022-07-15	9
2434	231	1950	2022-07-15	3
2435	10	3165	2022-07-16	4
2436	15	2836	2022-07-16	3
2437	53	3932	2022-07-16	4
2438	69	2339	2022-07-16	4
2439	83	3495	2022-07-16	2
2440	86	3563	2022-07-16	5
2441	88	4014	2022-07-16	3
2442	191	888	2022-07-16	7
2443	197	1807	2022-07-16	1
2444	205	2065	2022-07-16	10
2445	225	664	2022-07-16	2
2446	58	3932	2022-07-17	4
2447	102	3998	2022-07-17	2
2448	130	1206	2022-07-17	5
2449	136	813	2022-07-17	2
2450	138	1351	2022-07-17	1
2451	152	1271	2022-07-17	10
2452	155	1177	2022-07-17	10
2453	169	217	2022-07-17	10
2454	184	947	2022-07-17	5
2455	185	795	2022-07-17	9
2456	218	832	2022-07-17	5
2457	218	70	2022-07-17	10
2458	219	189	2022-07-17	3
2459	30	4389	2022-07-18	10
2460	40	4357	2022-07-18	5
2461	46	3095	2022-07-18	1
2462	47	2369	2022-07-18	4
2463	47	3818	2022-07-18	6
2464	52	4053	2022-07-18	4
2465	128	2073	2022-07-18	10
2466	135	1133	2022-07-18	10
2467	149	1521	2022-07-18	9
2468	176	1907	2022-07-18	7
2469	181	189	2022-07-18	9
2470	190	813	2022-07-18	9
2471	216	144	2022-07-18	10
2472	224	761	2022-07-18	4
2473	15	2732	2022-07-19	6
2474	37	2387	2022-07-19	5
2475	39	3651	2022-07-19	4
2476	43	2958	2022-07-19	7
2477	48	3955	2022-07-19	4
2478	51	3339	2022-07-19	5
2479	109	3684	2022-07-19	10
2480	111	3928	2022-07-19	6
2481	112	3472	2022-07-19	10
2482	123	3264	2022-07-19	4
2483	125	1985	2022-07-19	1
2484	203	2043	2022-07-19	3
2485	205	1515	2022-07-19	2
2486	31	3419	2022-07-20	7
2487	67	4148	2022-07-20	3
2488	77	2213	2022-07-20	1
2489	81	2181	2022-07-20	3
2490	82	3651	2022-07-20	3
2491	82	4264	2022-07-20	2
2492	89	4289	2022-07-20	8
2493	103	2531	2022-07-20	10
2494	123	3181	2022-07-20	4
2495	137	1063	2022-07-20	5
2496	146	571	2022-07-20	9
2497	157	2051	2022-07-20	4
2498	192	1215	2022-07-20	6
2499	199	493	2022-07-20	8
2500	229	352	2022-07-20	6
2501	9	4089	2022-07-21	9
2502	38	2567	2022-07-21	3
2503	40	2565	2022-07-21	2
2504	41	3501	2022-07-21	4
2505	49	3682	2022-07-21	10
2506	80	2332	2022-07-21	9
2507	80	2337	2022-07-21	5
2508	99	3120	2022-07-21	9
2509	99	2408	2022-07-21	2
2510	108	2198	2022-07-21	4
2511	130	1313	2022-07-21	2
2512	149	2001	2022-07-21	5
2513	158	817	2022-07-21	9
2514	164	1080	2022-07-21	9
2515	189	2143	2022-07-21	7
2516	233	805	2022-07-21	10
2517	12	3211	2022-07-22	1
2518	35	2481	2022-07-22	4
2519	36	3106	2022-07-22	9
2520	82	3039	2022-07-22	3
2521	94	3361	2022-07-22	5
2522	134	1300	2022-07-22	9
2523	137	197	2022-07-22	1
2524	137	209	2022-07-22	10
2525	148	1783	2022-07-22	2
2526	163	881	2022-07-22	10
2527	195	684	2022-07-22	7
2528	196	1034	2022-07-22	9
2529	206	1811	2022-07-22	4
2530	208	1412	2022-07-22	10
2531	208	1233	2022-07-22	4
2532	38	3596	2022-07-23	7
2533	52	2993	2022-07-23	6
2534	58	3744	2022-07-23	9
2535	78	3294	2022-07-23	3
2536	80	3017	2022-07-23	9
2537	82	2640	2022-07-23	8
2538	88	2877	2022-07-23	1
2539	93	2656	2022-07-23	2
2540	111	4261	2022-07-23	9
2541	165	1516	2022-07-23	9
2542	165	878	2022-07-23	3
2543	166	297	2022-07-23	9
2544	173	1111	2022-07-23	10
2545	182	1759	2022-07-23	8
2546	201	1960	2022-07-23	5
2547	24	2650	2022-07-24	9
2548	66	4353	2022-07-24	2
2549	103	3408	2022-07-24	8
2550	106	2840	2022-07-24	8
2551	120	4094	2022-07-24	10
2552	142	1551	2022-07-24	1
2553	143	1127	2022-07-24	5
2554	167	1663	2022-07-24	5
2555	211	417	2022-07-24	5
2556	218	1815	2022-07-24	7
2557	33	2902	2022-07-25	3
2558	57	3574	2022-07-25	2
2559	117	3383	2022-07-25	6
2560	127	1402	2022-07-25	9
2561	147	867	2022-07-25	10
2562	196	2006	2022-07-25	1
2563	199	125	2022-07-25	4
2564	220	772	2022-07-25	6
2565	228	978	2022-07-25	8
2566	1	3209	2022-07-26	1
2567	6	2833	2022-07-26	9
2568	14	4351	2022-07-26	6
2569	34	3768	2022-07-26	2
2570	37	3452	2022-07-26	3
2571	44	2658	2022-07-26	10
2572	52	2156	2022-07-26	6
2573	77	2837	2022-07-26	1
2574	84	4332	2022-07-26	1
2575	93	2415	2022-07-26	1
2576	97	2677	2022-07-26	8
2577	105	4321	2022-07-26	7
2578	114	3522	2022-07-26	1
2579	117	3695	2022-07-26	2
2580	134	693	2022-07-26	8
2581	136	2101	2022-07-26	5
2582	137	1668	2022-07-26	10
2583	140	1416	2022-07-26	5
2584	159	2153	2022-07-26	6
2585	214	375	2022-07-26	4
2586	12	4099	2022-07-27	9
2587	47	3334	2022-07-27	3
2588	48	3209	2022-07-27	9
2589	69	3640	2022-07-27	3
2590	91	4305	2022-07-27	8
2591	118	4145	2022-07-27	9
2592	129	482	2022-07-27	1
2593	134	380	2022-07-27	2
2594	138	410	2022-07-27	5
2595	159	854	2022-07-27	9
2596	203	516	2022-07-27	10
2597	227	576	2022-07-27	10
2598	2	4147	2022-07-28	4
2599	5	2366	2022-07-28	3
2600	24	2245	2022-07-28	8
2601	28	3230	2022-07-28	7
2602	55	3922	2022-07-28	2
2603	63	2860	2022-07-28	8
2604	109	3332	2022-07-28	5
2605	111	2372	2022-07-28	9
2606	121	3630	2022-07-28	6
2607	190	1266	2022-07-28	7
2608	191	1211	2022-07-28	4
2609	191	520	2022-07-28	8
2610	196	612	2022-07-28	3
2611	205	1194	2022-07-28	3
2612	221	1419	2022-07-28	7
2613	223	1924	2022-07-28	1
2614	5	3683	2022-07-29	3
2615	8	4162	2022-07-29	4
2616	33	3894	2022-07-29	4
2617	45	4201	2022-07-29	5
2618	58	2205	2022-07-29	10
2619	91	2868	2022-07-29	4
2620	98	3937	2022-07-29	4
2621	102	2327	2022-07-29	8
2622	106	3206	2022-07-29	1
2623	142	1124	2022-07-29	10
2624	144	590	2022-07-29	3
2625	181	655	2022-07-29	8
2626	190	439	2022-07-29	3
2627	196	1937	2022-07-29	1
2628	199	1140	2022-07-29	10
2629	212	1420	2022-07-29	6
2630	231	1357	2022-07-29	3
2631	15	3279	2022-07-30	8
2632	43	3757	2022-07-30	8
2633	59	3914	2022-07-30	3
2634	98	3923	2022-07-30	2
2635	137	779	2022-07-30	7
2636	161	2046	2022-07-30	8
2637	163	987	2022-07-30	10
2638	174	968	2022-07-30	10
2639	175	1726	2022-07-30	7
2640	200	522	2022-07-30	2
2641	211	1257	2022-07-30	5
2642	213	621	2022-07-30	2
2643	17	4302	2022-07-31	9
2644	37	3208	2022-07-31	4
2645	43	2749	2022-07-31	9
2646	59	3823	2022-07-31	6
2647	67	3410	2022-07-31	10
2648	91	2487	2022-07-31	5
2649	93	2492	2022-07-31	5
2650	101	4256	2022-07-31	10
2651	116	2257	2022-07-31	6
2652	127	345	2022-07-31	8
2653	147	610	2022-07-31	10
2654	10	2319	2022-08-01	1
2655	16	2191	2022-08-01	9
2656	22	2195	2022-08-01	10
2657	51	3771	2022-08-01	8
2658	77	3343	2022-08-01	10
2659	81	2968	2022-08-01	7
2660	105	4169	2022-08-01	7
2661	117	2948	2022-08-01	3
2662	120	2175	2022-08-01	3
2663	130	492	2022-08-01	8
2664	149	699	2022-08-01	6
2665	178	182	2022-08-01	7
2666	185	384	2022-08-01	3
2667	11	2294	2022-08-02	4
2668	20	3251	2022-08-02	10
2669	44	3660	2022-08-02	4
2670	63	2606	2022-08-02	2
2671	108	4356	2022-08-02	2
2672	116	3787	2022-08-02	8
2673	129	1924	2022-08-02	2
2674	139	242	2022-08-02	3
2675	164	974	2022-08-02	1
2676	194	228	2022-08-02	8
2677	194	868	2022-08-02	5
2678	210	1229	2022-08-02	7
2679	227	1128	2022-08-02	8
2680	26	2500	2022-08-03	10
2681	40	2388	2022-08-03	1
2682	46	3904	2022-08-03	2
2683	54	4185	2022-08-03	3
2684	130	918	2022-08-03	8
2685	187	1381	2022-08-03	1
2686	200	147	2022-08-03	3
2687	210	1594	2022-08-03	1
2688	213	1017	2022-08-03	8
2689	216	597	2022-08-03	6
2690	218	1527	2022-08-03	9
2691	220	2080	2022-08-03	9
2692	225	627	2022-08-03	4
2693	227	1792	2022-08-03	1
2694	22	3655	2022-08-04	1
2695	41	3662	2022-08-04	1
2696	42	4266	2022-08-04	10
2697	69	2597	2022-08-04	8
2698	78	3451	2022-08-04	5
2699	93	3208	2022-08-04	4
2700	126	1131	2022-08-04	2
2701	176	1423	2022-08-04	9
2702	186	1675	2022-08-04	7
2703	220	866	2022-08-04	9
2704	227	955	2022-08-04	10
2705	11	2379	2022-08-05	1
2706	62	3296	2022-08-05	7
2707	97	3550	2022-08-05	7
2708	113	2730	2022-08-05	3
2709	120	4175	2022-08-05	5
2710	183	1099	2022-08-05	7
2711	184	1571	2022-08-05	7
2712	190	379	2022-08-05	5
2713	193	1666	2022-08-05	8
2714	194	1667	2022-08-05	3
2715	225	2010	2022-08-05	3
2716	230	1169	2022-08-05	3
2717	57	4355	2022-08-06	7
2718	57	2647	2022-08-06	3
2719	66	3285	2022-08-06	9
2720	71	3925	2022-08-06	8
2721	90	3322	2022-08-06	3
2722	122	3068	2022-08-06	6
2723	137	1501	2022-08-06	1
2724	138	257	2022-08-06	1
2725	147	766	2022-08-06	10
2726	166	478	2022-08-06	1
2727	177	1908	2022-08-06	3
2728	222	1557	2022-08-06	8
2729	16	3914	2022-08-07	4
2730	29	3015	2022-08-07	6
2731	112	3834	2022-08-07	4
2732	130	1027	2022-08-07	1
2733	160	1705	2022-08-07	2
2734	168	1394	2022-08-07	10
2735	178	1446	2022-08-07	1
2736	182	620	2022-08-07	9
2737	81	3914	2022-08-08	6
2738	85	2911	2022-08-08	10
2739	145	927	2022-08-08	4
2740	153	854	2022-08-08	2
2741	159	2045	2022-08-08	5
2742	168	49	2022-08-08	9
2743	186	165	2022-08-08	8
2744	203	1491	2022-08-08	9
2745	203	1961	2022-08-08	9
2746	210	32	2022-08-08	10
2747	214	1957	2022-08-08	6
2748	74	2641	2022-08-09	1
2749	99	3623	2022-08-09	8
2750	113	3545	2022-08-09	4
2751	129	1058	2022-08-09	4
2752	137	725	2022-08-09	8
2753	145	1459	2022-08-09	8
2754	147	908	2022-08-09	1
2755	151	441	2022-08-09	10
2756	179	180	2022-08-09	5
2757	197	2009	2022-08-09	3
2758	205	464	2022-08-09	1
2759	212	1075	2022-08-09	7
2760	212	1928	2022-08-09	9
2761	2	2514	2022-08-10	9
2762	17	3944	2022-08-10	3
2763	23	2949	2022-08-10	1
2764	115	3485	2022-08-10	10
2765	143	341	2022-08-10	3
2766	146	1853	2022-08-10	5
2767	154	1946	2022-08-10	8
2768	155	1116	2022-08-10	3
2769	164	1419	2022-08-10	2
2770	191	594	2022-08-10	5
2771	215	1513	2022-08-10	5
2772	60	3566	2022-08-11	6
2773	99	3464	2022-08-11	4
2774	100	3846	2022-08-11	9
2775	108	4154	2022-08-11	3
2776	138	1443	2022-08-11	4
2777	140	686	2022-08-11	8
2778	157	906	2022-08-11	2
2779	159	1129	2022-08-11	1
2780	207	459	2022-08-11	5
2781	211	1141	2022-08-11	3
2782	12	3822	2022-08-12	8
2783	17	4286	2022-08-12	3
2784	44	3606	2022-08-12	9
2785	50	3569	2022-08-12	1
2786	68	3049	2022-08-12	8
2787	76	3459	2022-08-12	2
2788	81	3258	2022-08-12	3
2789	88	2294	2022-08-12	9
2790	150	1390	2022-08-12	9
2791	163	1830	2022-08-12	9
2792	215	1787	2022-08-12	9
2793	29	2784	2022-08-13	4
2794	31	4207	2022-08-13	4
2795	36	4258	2022-08-13	10
2796	41	3889	2022-08-13	7
2797	56	3919	2022-08-13	5
2798	58	3281	2022-08-13	7
2799	76	3164	2022-08-13	6
2800	85	3829	2022-08-13	3
2801	97	2221	2022-08-13	9
2802	108	3031	2022-08-13	10
2803	149	297	2022-08-13	1
2804	160	945	2022-08-13	7
2805	168	1054	2022-08-13	5
2806	188	1962	2022-08-13	7
2807	190	869	2022-08-13	9
2808	217	367	2022-08-13	10
2809	231	1870	2022-08-13	1
2810	5	3723	2022-08-14	9
2811	20	4316	2022-08-14	7
2812	75	3673	2022-08-14	6
2813	78	3365	2022-08-14	6
2814	95	2515	2022-08-14	4
2815	101	3322	2022-08-14	9
2816	105	2519	2022-08-14	3
2817	126	1714	2022-08-14	10
2818	157	417	2022-08-14	6
2819	185	717	2022-08-14	2
2820	209	804	2022-08-14	2
2821	1	2719	2022-08-15	3
2822	149	1409	2022-08-15	3
2823	166	1491	2022-08-15	1
2824	168	330	2022-08-15	6
2825	191	96	2022-08-15	5
2826	202	1045	2022-08-15	6
2827	208	1435	2022-08-15	2
2828	230	1513	2022-08-15	10
2829	230	1182	2022-08-15	10
2830	232	1498	2022-08-15	7
2831	24	4112	2022-08-16	4
2832	41	4348	2022-08-16	7
2833	52	2684	2022-08-16	9
2834	54	2490	2022-08-16	4
2835	60	2297	2022-08-16	8
2836	81	4216	2022-08-16	5
2837	86	2423	2022-08-16	8
2838	96	3960	2022-08-16	9
2839	127	1963	2022-08-16	7
2840	128	1403	2022-08-16	9
2841	178	116	2022-08-16	3
2842	189	2077	2022-08-16	1
2843	193	1158	2022-08-16	10
2844	194	795	2022-08-16	7
2845	21	4090	2022-08-17	9
2846	52	4227	2022-08-17	3
2847	63	2999	2022-08-17	5
2848	69	2429	2022-08-17	10
2849	86	2583	2022-08-17	7
2850	105	3374	2022-08-17	5
2851	112	2802	2022-08-17	9
2852	121	4156	2022-08-17	6
2853	145	1726	2022-08-17	7
2854	149	760	2022-08-17	2
2855	155	1769	2022-08-17	4
2856	175	448	2022-08-17	8
2857	199	911	2022-08-17	9
2858	199	1773	2022-08-17	7
2859	226	2109	2022-08-17	9
2860	229	1164	2022-08-17	3
2861	232	484	2022-08-17	9
2862	2	3913	2022-08-18	5
2863	89	2991	2022-08-18	6
2864	96	2692	2022-08-18	1
2865	123	3106	2022-08-18	10
2866	185	1986	2022-08-18	4
2867	198	211	2022-08-18	1
2868	204	1604	2022-08-18	7
2869	207	1599	2022-08-18	4
2870	211	1284	2022-08-18	3
2871	8	3172	2022-08-19	6
2872	25	3466	2022-08-19	2
2873	42	3108	2022-08-19	9
2874	46	3216	2022-08-19	7
2875	49	4144	2022-08-19	7
2876	53	3988	2022-08-19	4
2877	104	3453	2022-08-19	9
2878	123	3126	2022-08-19	1
2879	139	2103	2022-08-19	6
2880	147	1052	2022-08-19	9
2881	175	597	2022-08-19	1
2882	218	10	2022-08-19	7
2883	1	4383	2022-08-20	3
2884	33	4125	2022-08-20	10
2885	50	4172	2022-08-20	5
2886	71	4087	2022-08-20	7
2887	73	4109	2022-08-20	1
2888	112	3834	2022-08-20	9
2889	123	2567	2022-08-20	8
2890	164	514	2022-08-20	10
2891	166	1215	2022-08-20	5
2892	231	2047	2022-08-20	10
2893	18	4037	2022-08-21	3
2894	90	3349	2022-08-21	1
2895	127	473	2022-08-21	2
2896	140	1331	2022-08-21	5
2897	144	1419	2022-08-21	4
2898	151	1901	2022-08-21	3
2899	159	26	2022-08-21	10
2900	227	253	2022-08-21	10
2901	39	4115	2022-08-22	7
2902	62	3462	2022-08-22	8
2903	66	4246	2022-08-22	10
2904	87	3245	2022-08-22	9
2905	89	3310	2022-08-22	10
2906	130	1142	2022-08-22	9
2907	134	761	2022-08-22	2
2908	169	1384	2022-08-22	10
2909	218	167	2022-08-22	10
2910	219	1928	2022-08-22	2
2911	26	3034	2022-08-23	8
2912	35	3775	2022-08-23	8
2913	62	3331	2022-08-23	6
2914	69	3814	2022-08-23	8
2915	75	3502	2022-08-23	1
2916	76	2175	2022-08-23	7
2917	96	4289	2022-08-23	10
2918	132	1008	2022-08-23	8
2919	151	218	2022-08-23	2
2920	153	2053	2022-08-23	7
2921	169	539	2022-08-23	7
2922	178	1116	2022-08-23	2
2923	183	201	2022-08-23	7
2924	194	1714	2022-08-23	2
2925	196	1479	2022-08-23	5
2926	198	1052	2022-08-23	3
2927	198	1327	2022-08-23	4
2928	217	2123	2022-08-23	3
2929	9	3478	2022-08-24	2
2930	9	4112	2022-08-24	1
2931	35	2907	2022-08-24	10
2932	71	3782	2022-08-24	9
2933	93	3000	2022-08-24	10
2934	138	1839	2022-08-24	1
2935	141	268	2022-08-24	4
2936	147	2015	2022-08-24	6
2937	162	1960	2022-08-24	8
2938	171	123	2022-08-24	8
2939	191	444	2022-08-24	3
2940	212	897	2022-08-24	2
2941	229	1695	2022-08-24	10
2942	37	2522	2022-08-25	2
2943	52	4374	2022-08-25	4
2944	54	2868	2022-08-25	10
2945	68	2423	2022-08-25	6
2946	113	4298	2022-08-25	7
2947	170	35	2022-08-25	6
2948	177	1524	2022-08-25	1
2949	178	1065	2022-08-25	2
2950	189	1766	2022-08-25	3
2951	225	573	2022-08-25	10
2952	15	3249	2022-08-26	2
2953	17	2585	2022-08-26	2
2954	17	2607	2022-08-26	5
2955	27	3517	2022-08-26	9
2956	39	2808	2022-08-26	3
2957	88	3772	2022-08-26	5
2958	91	3633	2022-08-26	8
2959	127	1199	2022-08-26	2
2960	142	1542	2022-08-26	1
2961	142	218	2022-08-26	4
2962	157	741	2022-08-26	8
2963	199	1700	2022-08-26	7
2964	200	641	2022-08-26	4
2965	202	1320	2022-08-26	1
2966	209	285	2022-08-26	9
2967	216	1760	2022-08-26	4
2968	226	1056	2022-08-26	8
2969	232	1202	2022-08-26	2
2970	18	2539	2022-08-27	9
2971	30	2565	2022-08-27	6
2972	49	3146	2022-08-27	4
2973	115	4174	2022-08-27	9
2974	115	4192	2022-08-27	1
2975	152	1969	2022-08-27	1
2976	185	2132	2022-08-27	2
2977	187	1135	2022-08-27	4
2978	199	1119	2022-08-27	2
2979	233	534	2022-08-27	5
2980	15	4248	2022-08-28	6
2981	18	3491	2022-08-28	4
2982	54	3225	2022-08-28	10
2983	111	2387	2022-08-28	6
2984	122	4137	2022-08-28	4
2985	138	153	2022-08-28	5
2986	138	1304	2022-08-28	4
2987	145	127	2022-08-28	7
2988	146	1090	2022-08-28	6
2989	149	1150	2022-08-28	1
2990	162	1325	2022-08-28	8
2991	179	43	2022-08-28	7
2992	200	1982	2022-08-28	3
2993	211	882	2022-08-28	2
2994	215	169	2022-08-28	8
2995	17	2564	2022-08-29	4
2996	23	2484	2022-08-29	6
2997	46	3015	2022-08-29	9
2998	51	3654	2022-08-29	4
2999	80	3151	2022-08-29	1
3000	124	3926	2022-08-29	8
3001	173	901	2022-08-29	7
3002	202	1597	2022-08-29	3
3003	209	639	2022-08-29	4
3004	209	1943	2022-08-29	6
3005	224	462	2022-08-29	1