s_no	u_no	f_no	s_date	s_quantity
1	10	4045	2022-01-01	1
2	29	3504	2022-01-01	2
3	64	3861	2022-01-01	1
4	65	3511	2022-01-01	7
5	69	3591	2022-01-01	2
6	89	3941	2022-01-01	5
7	98	3404	2022-01-01	8
8	130	509	2022-01-01	2
9	178	1845	2022-01-01	6
10	191	1792	2022-01-01	3
11	67	4147	2022-01-02	1
12	84	3634	2022-01-02	6
13	174	1312	2022-01-02	10
14	207	1670	2022-01-02	3
15	212	188	2022-01-02	8
16	226	1586	2022-01-02	9
17	80	2187	2022-01-03	6
18	95	2498	2022-01-03	9
19	109	3369	2022-01-03	10
20	110	3550	2022-01-03	8
21	119	3432	2022-01-03	5
22	126	563	2022-01-03	10
23	148	453	2022-01-03	10
24	158	210	2022-01-03	7
25	159	602	2022-01-03	2
26	178	404	2022-01-03	5
27	194	1622	2022-01-03	6
28	194	1106	2022-01-03	1
29	195	369	2022-01-03	2
30	203	470	2022-01-03	3
31	231	1532	2022-01-03	4
32	7	2314	2022-01-04	1
33	17	3932	2022-01-04	2
34	28	3674	2022-01-04	4
35	41	2229	2022-01-04	1
36	46	3075	2022-01-04	8
37	63	2557	2022-01-04	10
38	64	3610	2022-01-04	7
39	88	3885	2022-01-04	9
40	97	2328	2022-01-04	7
41	99	2302	2022-01-04	1
42	178	377	2022-01-04	9
43	206	855	2022-01-04	1
44	220	506	2022-01-04	1
45	230	51	2022-01-04	10
46	9	3080	2022-01-05	8
47	22	4225	2022-01-05	6
48	33	3104	2022-01-05	1
49	45	2963	2022-01-05	7
50	57	3673	2022-01-05	2
51	96	4159	2022-01-05	10
52	107	3832	2022-01-05	10
53	112	3677	2022-01-05	9
54	165	963	2022-01-05	4
55	192	1582	2022-01-05	6
56	204	1836	2022-01-05	6
57	209	1429	2022-01-05	7
58	2	3120	2022-01-06	6
59	40	2297	2022-01-06	1
60	52	3620	2022-01-06	6
61	73	2423	2022-01-06	7
62	94	2559	2022-01-06	5
63	94	4117	2022-01-06	5
64	187	417	2022-01-06	8
65	2	3247	2022-01-07	1
66	9	2613	2022-01-07	9
67	20	4046	2022-01-07	1
68	31	2858	2022-01-07	2
69	42	3104	2022-01-07	9
70	43	3429	2022-01-07	8
71	86	3618	2022-01-07	6
72	145	268	2022-01-07	9
73	182	350	2022-01-07	10
74	188	1880	2022-01-07	8
75	209	461	2022-01-07	3
76	210	266	2022-01-07	8
77	220	2018	2022-01-07	3
78	232	2089	2022-01-07	5
79	18	2927	2022-01-08	2
80	19	2170	2022-01-08	8
81	29	3462	2022-01-08	1
82	34	2558	2022-01-08	1
83	43	4314	2022-01-08	3
84	73	3005	2022-01-08	2
85	97	3750	2022-01-08	2
86	111	3394	2022-01-08	3
87	136	1467	2022-01-08	8
88	139	126	2022-01-08	4
89	181	361	2022-01-08	10
90	182	172	2022-01-08	2
91	196	985	2022-01-08	6
92	207	1705	2022-01-08	10
93	23	2682	2022-01-09	2
94	31	3310	2022-01-09	1
95	58	3103	2022-01-09	2
96	70	2317	2022-01-09	9
97	72	4018	2022-01-09	5
98	81	2438	2022-01-09	8
99	159	1441	2022-01-09	1
100	172	1162	2022-01-09	10
101	186	108	2022-01-09	7
102	13	3917	2022-01-10	1
103	20	4052	2022-01-10	6
104	60	3548	2022-01-10	2
105	62	4249	2022-01-10	10
106	92	2543	2022-01-10	3
107	104	3736	2022-01-10	8
108	126	620	2022-01-10	7
109	152	845	2022-01-10	2
110	174	801	2022-01-10	5
111	192	189	2022-01-10	6
112	202	1988	2022-01-10	1
113	75	2979	2022-01-11	5
114	104	3285	2022-01-11	9
115	112	2159	2022-01-11	9
116	132	1690	2022-01-11	6
117	160	1079	2022-01-11	1
118	168	1752	2022-01-11	8
119	178	581	2022-01-11	9
120	220	332	2022-01-11	3
121	227	971	2022-01-11	5
122	17	3376	2022-01-12	9
123	111	3569	2022-01-12	6
124	146	706	2022-01-12	9
125	186	1228	2022-01-12	3
126	10	3727	2022-01-13	6
127	20	2894	2022-01-13	9
128	26	3617	2022-01-13	3
129	44	4101	2022-01-13	3
130	45	2610	2022-01-13	7
131	73	3740	2022-01-13	2
132	84	3108	2022-01-13	9
133	96	2168	2022-01-13	5
134	99	4368	2022-01-13	4
135	111	3128	2022-01-13	9
136	128	342	2022-01-13	1
137	132	1096	2022-01-13	3
138	146	706	2022-01-13	3
139	178	1587	2022-01-13	8
140	190	989	2022-01-13	1
141	194	1512	2022-01-13	4
142	197	2112	2022-01-13	5
143	210	1258	2022-01-13	8
144	228	162	2022-01-13	9
145	9	4199	2022-01-14	9
146	17	4081	2022-01-14	9
147	48	3538	2022-01-14	5
148	73	3358	2022-01-14	2
149	116	2711	2022-01-14	3
150	167	1843	2022-01-14	2
151	170	137	2022-01-14	4
152	187	671	2022-01-14	7
153	200	797	2022-01-14	3
154	224	805	2022-01-14	7
155	9	2164	2022-01-15	1
156	14	2530	2022-01-15	1
157	26	3427	2022-01-15	5
158	33	3409	2022-01-15	7
159	66	4005	2022-01-15	5
160	70	3277	2022-01-15	5
161	82	3773	2022-01-15	6
162	87	3016	2022-01-15	4
163	92	3102	2022-01-15	10
164	132	1510	2022-01-15	8
165	133	1071	2022-01-15	5
166	172	1421	2022-01-15	5
167	173	1577	2022-01-15	9
168	185	382	2022-01-15	10
169	195	1921	2022-01-15	4
170	203	1141	2022-01-15	4
171	22	2913	2022-01-16	1
172	30	2637	2022-01-16	9
173	96	4322	2022-01-16	1
174	157	1563	2022-01-16	6
175	170	311	2022-01-16	9
176	210	549	2022-01-16	9
177	217	1018	2022-01-16	8
178	221	171	2022-01-16	5
179	45	3280	2022-01-17	3
180	45	3785	2022-01-17	1
181	70	4218	2022-01-17	5
182	72	4244	2022-01-17	10
183	73	2477	2022-01-17	9
184	77	4329	2022-01-17	6
185	157	1687	2022-01-17	6
186	166	889	2022-01-17	8
187	167	813	2022-01-17	7
188	227	1833	2022-01-17	5
189	72	3310	2022-01-18	7
190	108	4229	2022-01-18	4
191	115	2278	2022-01-18	6
192	147	910	2022-01-18	1
193	159	410	2022-01-18	9
194	220	490	2022-01-18	8
195	226	2093	2022-01-18	10
196	47	3005	2022-01-19	6
197	92	3565	2022-01-19	8
198	93	3558	2022-01-19	2
199	131	1478	2022-01-19	8
200	159	123	2022-01-19	10
201	165	1092	2022-01-19	6
202	208	2099	2022-01-19	4
203	214	639	2022-01-19	8
204	220	1224	2022-01-19	5
205	224	1401	2022-01-19	1
206	224	778	2022-01-19	10
207	5	2308	2022-01-20	8
208	38	4252	2022-01-20	9
209	78	4298	2022-01-20	8
210	100	2774	2022-01-20	1
211	104	3795	2022-01-20	1
212	110	2885	2022-01-20	6
213	120	3231	2022-01-20	10
214	132	1691	2022-01-20	4
215	152	460	2022-01-20	10
216	180	579	2022-01-20	4
217	48	2882	2022-01-21	4
218	92	2775	2022-01-21	7
219	149	882	2022-01-21	8
220	152	1185	2022-01-21	6
221	223	2139	2022-01-21	9
222	2	3630	2022-01-22	9
223	20	3907	2022-01-22	8
224	20	3493	2022-01-22	8
225	24	2347	2022-01-22	4
226	25	3885	2022-01-22	4
227	51	2872	2022-01-22	9
228	104	3279	2022-01-22	5
229	105	2311	2022-01-22	4
230	121	2543	2022-01-22	2
231	168	2084	2022-01-22	5
232	221	2101	2022-01-22	3
233	30	4299	2022-01-23	2
234	46	3395	2022-01-23	4
235	47	2566	2022-01-23	2
236	63	4360	2022-01-23	6
237	85	3550	2022-01-23	1
238	107	2665	2022-01-23	4
239	136	921	2022-01-23	7
240	165	1767	2022-01-23	8
241	170	1674	2022-01-23	10
242	174	254	2022-01-23	7
243	28	2919	2022-01-24	1
244	35	3059	2022-01-24	1
245	74	4376	2022-01-24	7
246	154	791	2022-01-24	9
247	212	1197	2022-01-24	6
248	227	900	2022-01-24	10
249	2	4043	2022-01-25	6
250	22	4045	2022-01-25	4
251	41	3934	2022-01-25	10
252	60	4314	2022-01-25	5
253	79	3484	2022-01-25	2
254	99	3013	2022-01-25	7
255	104	3970	2022-01-25	5
256	126	1974	2022-01-25	6
257	136	141	2022-01-25	6
258	138	609	2022-01-25	1
259	144	848	2022-01-25	5
260	146	249	2022-01-25	1
261	146	192	2022-01-25	6
262	200	1154	2022-01-25	1
263	3	3085	2022-01-26	1
264	7	4181	2022-01-26	1
265	105	2442	2022-01-26	8
266	135	735	2022-01-26	1
267	149	24	2022-01-26	3
268	169	1028	2022-01-26	7
269	172	693	2022-01-26	10
270	179	372	2022-01-26	5
271	183	868	2022-01-26	3
272	201	218	2022-01-26	10
273	17	3086	2022-01-27	2
274	23	2296	2022-01-27	8
275	25	3265	2022-01-27	2
276	26	3081	2022-01-27	5
277	36	2167	2022-01-27	4
278	63	2921	2022-01-27	2
279	70	2874	2022-01-27	1
280	73	3193	2022-01-27	3
281	144	1183	2022-01-27	5
282	177	1485	2022-01-27	1
283	3	4191	2022-01-28	5
284	12	2367	2022-01-28	3
285	29	3950	2022-01-28	10
286	36	3861	2022-01-28	2
287	54	2810	2022-01-28	10
288	71	2674	2022-01-28	1
289	72	2551	2022-01-28	9
290	102	2209	2022-01-28	3
291	104	3225	2022-01-28	7
292	128	1278	2022-01-28	1
293	139	1028	2022-01-28	6
294	145	850	2022-01-28	8
295	150	1350	2022-01-28	10
296	152	1692	2022-01-28	5
297	171	1394	2022-01-28	7
298	178	1425	2022-01-28	10
299	226	607	2022-01-28	10
300	9	2917	2022-01-29	10
301	13	2395	2022-01-29	6
302	74	3400	2022-01-29	6
303	80	2684	2022-01-29	7
304	90	3656	2022-01-29	1
305	143	1844	2022-01-29	5
306	169	1879	2022-01-29	9
307	188	303	2022-01-29	8
308	189	1501	2022-01-29	6
309	201	1880	2022-01-29	10
310	207	1555	2022-01-29	2
311	3	2943	2022-01-30	5
312	23	2788	2022-01-30	9
313	106	2167	2022-01-30	8
314	114	4114	2022-01-30	1
315	115	2355	2022-01-30	4
316	120	3257	2022-01-30	10
317	182	1427	2022-01-30	6
318	190	1262	2022-01-30	3
319	211	308	2022-01-30	5
320	1	3531	2022-01-31	10
321	26	4249	2022-01-31	4
322	29	4193	2022-01-31	8
323	128	247	2022-01-31	6
324	172	930	2022-01-31	2
325	193	673	2022-01-31	5
326	224	478	2022-01-31	10
327	3	3392	2022-02-01	7
328	29	2645	2022-02-01	8
329	67	3062	2022-02-01	2
330	95	3219	2022-02-01	2
331	103	4220	2022-02-01	3
332	111	2725	2022-02-01	7
333	129	2056	2022-02-01	6
334	149	12	2022-02-01	7
335	169	1774	2022-02-01	10
336	193	142	2022-02-01	9
337	3	4135	2022-02-02	9
338	7	3304	2022-02-02	4
339	25	3582	2022-02-02	4
340	33	3707	2022-02-02	10
341	53	3762	2022-02-02	3
342	68	2677	2022-02-02	3
343	104	2442	2022-02-02	8
344	110	2293	2022-02-02	10
345	110	2922	2022-02-02	2
346	137	42	2022-02-02	2
347	157	1745	2022-02-02	3
348	165	1363	2022-02-02	7
349	180	1382	2022-02-02	2
350	218	1648	2022-02-02	1
351	5	3593	2022-02-03	10
352	20	3973	2022-02-03	7
353	112	3604	2022-02-03	7
354	147	157	2022-02-03	7
355	181	1545	2022-02-03	5
356	196	2086	2022-02-03	2
357	197	1697	2022-02-03	6
358	204	964	2022-02-03	8
359	212	1934	2022-02-03	6
360	37	4119	2022-02-04	2
361	48	2558	2022-02-04	3
362	57	2832	2022-02-04	9
363	61	3541	2022-02-04	5
364	86	2741	2022-02-04	10
365	150	981	2022-02-04	7
366	158	1607	2022-02-04	9
367	177	1115	2022-02-04	6
368	230	1355	2022-02-04	6
369	4	2686	2022-02-05	9
370	34	3525	2022-02-05	3
371	36	2898	2022-02-05	4
372	44	2466	2022-02-05	3
373	93	2456	2022-02-05	10
374	129	1993	2022-02-05	3
375	147	352	2022-02-05	9
376	149	879	2022-02-05	3
377	156	244	2022-02-05	4
378	177	1813	2022-02-05	4
379	179	554	2022-02-05	10
380	180	1934	2022-02-05	2
381	185	2101	2022-02-05	2
382	193	262	2022-02-05	2
383	196	777	2022-02-05	2
384	211	2086	2022-02-05	7
385	212	1351	2022-02-05	7
386	228	1348	2022-02-05	1
387	8	3026	2022-02-06	7
388	9	3334	2022-02-06	3
389	28	3318	2022-02-06	2
390	67	4053	2022-02-06	1
391	79	4368	2022-02-06	2
392	91	3985	2022-02-06	5
393	95	3386	2022-02-06	5
394	136	2057	2022-02-06	10
395	147	1376	2022-02-06	2
396	179	1929	2022-02-06	2
397	189	1570	2022-02-06	10
398	197	1676	2022-02-06	10
399	208	1524	2022-02-06	3
400	215	800	2022-02-06	8
401	224	1940	2022-02-06	1
402	225	1453	2022-02-06	6
403	14	3440	2022-02-07	5
404	17	2808	2022-02-07	9
405	20	2209	2022-02-07	1
406	27	4308	2022-02-07	9
407	81	2976	2022-02-07	6
408	89	2914	2022-02-07	6
409	114	4151	2022-02-07	3
410	132	567	2022-02-07	3
411	139	510	2022-02-07	10
412	140	1738	2022-02-07	9
413	147	627	2022-02-07	1
414	152	356	2022-02-07	10
415	157	755	2022-02-07	9
416	165	497	2022-02-07	3
417	205	1954	2022-02-07	4
418	231	2051	2022-02-07	6
419	9	4005	2022-02-08	3
420	9	3006	2022-02-08	2
421	37	3693	2022-02-08	10
422	75	3222	2022-02-08	8
423	87	2252	2022-02-08	9
424	126	1214	2022-02-08	6
425	126	839	2022-02-08	3
426	139	681	2022-02-08	4
427	170	892	2022-02-08	9
428	185	1628	2022-02-08	1
429	194	1817	2022-02-08	4
430	196	1916	2022-02-08	5
431	210	1363	2022-02-08	6
432	218	1498	2022-02-08	6
433	220	843	2022-02-08	7
434	232	2033	2022-02-08	10
435	31	2265	2022-02-09	7
436	75	2756	2022-02-09	8
437	92	4116	2022-02-09	6
438	93	3031	2022-02-09	2
439	116	3053	2022-02-09	3
440	140	1972	2022-02-09	7
441	185	1723	2022-02-09	2
442	1	3854	2022-02-10	1
443	57	4267	2022-02-10	9
444	58	2891	2022-02-10	8
445	76	4306	2022-02-10	3
446	140	201	2022-02-10	4
447	151	760	2022-02-10	8
448	205	817	2022-02-10	7
449	34	2280	2022-02-11	2
450	59	3416	2022-02-11	3
451	66	2756	2022-02-11	5
452	89	4197	2022-02-11	9
453	90	4280	2022-02-11	9
454	108	3480	2022-02-11	9
455	117	2895	2022-02-11	1
456	119	2496	2022-02-11	3
457	128	884	2022-02-11	2
458	148	2135	2022-02-11	6
459	175	1993	2022-02-11	1
460	200	615	2022-02-11	2
461	201	1213	2022-02-11	6
462	204	664	2022-02-11	6
463	217	528	2022-02-11	8
464	226	1210	2022-02-11	1
465	38	3001	2022-02-12	5
466	39	3387	2022-02-12	1
467	59	3477	2022-02-12	8
468	79	4192	2022-02-12	1
469	80	2570	2022-02-12	1
470	134	854	2022-02-12	7
471	156	375	2022-02-12	8
472	159	16	2022-02-12	5
473	163	464	2022-02-12	3
474	197	1205	2022-02-12	6
475	221	1768	2022-02-12	3
476	228	1926	2022-02-12	5
477	13	2313	2022-02-13	10
478	15	4260	2022-02-13	4
479	43	3251	2022-02-13	6
480	52	3111	2022-02-13	7
481	75	2431	2022-02-13	5
482	110	2788	2022-02-13	2
483	140	264	2022-02-13	1
484	179	4	2022-02-13	7
485	184	911	2022-02-13	3
486	216	433	2022-02-13	10
487	18	3284	2022-02-14	7
488	76	2404	2022-02-14	9
489	111	3720	2022-02-14	5
490	117	4343	2022-02-14	6
491	135	33	2022-02-14	6
492	175	1062	2022-02-14	8
493	175	2103	2022-02-14	3
494	187	1943	2022-02-14	8
495	191	356	2022-02-14	6
496	212	146	2022-02-14	7
497	220	1271	2022-02-14	2
498	224	1649	2022-02-14	9
499	4	3902	2022-02-15	8
500	33	4070	2022-02-15	7
501	70	4361	2022-02-15	4
502	70	2185	2022-02-15	2
503	153	879	2022-02-15	8
504	159	2115	2022-02-15	9
505	163	880	2022-02-15	5
506	189	919	2022-02-15	4
507	9	3012	2022-02-16	10
508	28	2175	2022-02-16	6
509	37	3587	2022-02-16	7
510	40	2657	2022-02-16	10
511	76	3636	2022-02-16	2
512	76	4353	2022-02-16	6
513	79	2437	2022-02-16	7
514	81	4321	2022-02-16	9
515	133	1533	2022-02-16	8
516	158	207	2022-02-16	10
517	167	680	2022-02-16	6
518	201	595	2022-02-16	5
519	207	1485	2022-02-16	6
520	7	3760	2022-02-17	1
521	22	3381	2022-02-17	2
522	27	2454	2022-02-17	10
523	28	4372	2022-02-17	3
524	42	2668	2022-02-17	5
525	65	3723	2022-02-17	10
526	65	2707	2022-02-17	1
527	73	4380	2022-02-17	4
528	90	3366	2022-02-17	1
529	102	3244	2022-02-17	5
530	124	4242	2022-02-17	4
531	154	1981	2022-02-17	1
532	173	488	2022-02-17	4
533	183	935	2022-02-17	9
534	199	232	2022-02-17	6
535	93	3021	2022-02-18	1
536	110	3034	2022-02-18	9
537	130	2074	2022-02-18	10
538	143	1895	2022-02-18	5
539	147	1969	2022-02-18	4
540	163	1049	2022-02-18	7
541	207	1260	2022-02-18	8
542	210	1952	2022-02-18	9
543	215	165	2022-02-18	4
544	223	1462	2022-02-18	6
545	22	2423	2022-02-19	5
546	24	3301	2022-02-19	2
547	43	2472	2022-02-19	2
548	66	2477	2022-02-19	7
549	80	4280	2022-02-19	3
550	109	3399	2022-02-19	7
551	117	2421	2022-02-19	1
552	121	3134	2022-02-19	7
553	122	3908	2022-02-19	2
554	146	1576	2022-02-19	4
555	157	413	2022-02-19	4
556	197	1130	2022-02-19	8
557	209	633	2022-02-19	9
558	210	1116	2022-02-19	6
559	228	1913	2022-02-19	1
560	11	2375	2022-02-20	10
561	12	4390	2022-02-20	8
562	27	3730	2022-02-20	6
563	78	2521	2022-02-20	10
564	96	2201	2022-02-20	9
565	113	3589	2022-02-20	1
566	172	1538	2022-02-20	2
567	189	1361	2022-02-20	5
568	209	2080	2022-02-20	3
569	215	1733	2022-02-20	10
570	29	2215	2022-02-21	3
571	68	2359	2022-02-21	6
572	73	3892	2022-02-21	10
573	81	3191	2022-02-21	8
574	100	2532	2022-02-21	9
575	165	320	2022-02-21	7
576	183	235	2022-02-21	3
577	223	59	2022-02-21	6
578	11	2444	2022-02-22	2
579	12	2820	2022-02-22	7
580	25	2854	2022-02-22	10
581	29	3294	2022-02-22	8
582	33	4192	2022-02-22	6
583	44	3472	2022-02-22	6
584	72	3896	2022-02-22	1
585	120	4222	2022-02-22	5
586	126	176	2022-02-22	2
587	133	1550	2022-02-22	3
588	169	1952	2022-02-22	3
589	177	1091	2022-02-22	8
590	178	40	2022-02-22	7
591	194	2042	2022-02-22	5
592	224	639	2022-02-22	4
593	231	1267	2022-02-22	1
594	47	2264	2022-02-23	2
595	54	4020	2022-02-23	7
596	70	2878	2022-02-23	10
597	88	3764	2022-02-23	10
598	100	2455	2022-02-23	6
599	112	3536	2022-02-23	2
600	130	776	2022-02-23	2
601	156	1504	2022-02-23	2
602	172	558	2022-02-23	7
603	177	1033	2022-02-23	5
604	182	1879	2022-02-23	3
605	183	1238	2022-02-23	3
606	192	679	2022-02-23	3
607	213	320	2022-02-23	2
608	58	3897	2022-02-24	1
609	63	3207	2022-02-24	2
610	66	2372	2022-02-24	1
611	104	2163	2022-02-24	9
612	111	3540	2022-02-24	7
613	121	3888	2022-02-24	4
614	179	656	2022-02-24	4
615	185	588	2022-02-24	8
616	187	1921	2022-02-24	2
617	200	1793	2022-02-24	4
618	203	1329	2022-02-24	4
619	206	1365	2022-02-24	10
620	218	1155	2022-02-24	8
621	11	3120	2022-02-25	4
622	28	2548	2022-02-25	3
623	47	2172	2022-02-25	9
624	56	3939	2022-02-25	1
625	67	3358	2022-02-25	9
626	94	3601	2022-02-25	5
627	133	992	2022-02-25	4
628	233	707	2022-02-25	4
629	46	3831	2022-02-26	10
630	86	3390	2022-02-26	3
631	87	3940	2022-02-26	6
632	114	3992	2022-02-26	5
633	166	1668	2022-02-26	2
634	203	1486	2022-02-26	5
635	226	871	2022-02-26	2
636	16	3179	2022-02-27	4
637	25	2480	2022-02-27	10
638	70	3151	2022-02-27	4
639	70	4359	2022-02-27	6
640	88	3648	2022-02-27	9
641	97	3114	2022-02-27	9
642	116	3828	2022-02-27	8
643	116	4331	2022-02-27	3
644	120	3766	2022-02-27	1
645	128	886	2022-02-27	2
646	161	1810	2022-02-27	10
647	165	1646	2022-02-27	10
648	233	1460	2022-02-27	2
649	38	3431	2022-02-28	1
650	77	2962	2022-02-28	5
651	81	2964	2022-02-28	5
652	138	2092	2022-02-28	7
653	152	1923	2022-02-28	3
654	189	1428	2022-02-28	3
655	216	1107	2022-02-28	9
656	8	2231	2022-03-01	7
657	23	3197	2022-03-01	2
658	62	2179	2022-03-01	4
659	92	3428	2022-03-01	1
660	139	821	2022-03-01	6
661	157	1009	2022-03-01	10
662	164	1302	2022-03-01	4
663	210	968	2022-03-01	6
664	225	1790	2022-03-01	8
665	1	3539	2022-03-02	9
666	32	3728	2022-03-02	8
667	36	4149	2022-03-02	6
668	44	2568	2022-03-02	10
669	54	3600	2022-03-02	2
670	92	3860	2022-03-02	10
671	96	3994	2022-03-02	4
672	108	3685	2022-03-02	4
673	109	3131	2022-03-02	2
674	110	2756	2022-03-02	7
675	127	302	2022-03-02	6
676	127	1092	2022-03-02	5
677	139	457	2022-03-02	10
678	142	2066	2022-03-02	10
679	175	532	2022-03-02	8
680	176	1482	2022-03-02	2
681	201	2052	2022-03-02	5
682	5	3173	2022-03-03	2
683	11	4286	2022-03-03	10
684	26	3662	2022-03-03	6
685	27	2277	2022-03-03	6
686	88	3032	2022-03-03	7
687	138	1579	2022-03-03	2
688	150	1969	2022-03-03	8
689	166	986	2022-03-03	10
690	190	1288	2022-03-03	2
691	195	791	2022-03-03	2
692	203	459	2022-03-03	6
693	206	1581	2022-03-03	7
694	218	654	2022-03-03	3
695	222	128	2022-03-03	10
696	228	1426	2022-03-03	3
697	232	759	2022-03-03	9
698	34	3603	2022-03-04	3
699	37	2321	2022-03-04	7
700	39	3827	2022-03-04	9
701	43	4146	2022-03-04	5
702	61	3924	2022-03-04	8
703	67	2238	2022-03-04	6
704	67	2942	2022-03-04	8
705	86	3500	2022-03-04	3
706	102	2309	2022-03-04	3
707	107	3396	2022-03-04	2
708	107	4239	2022-03-04	3
709	115	3261	2022-03-04	8
710	129	899	2022-03-04	2
711	162	800	2022-03-04	8
712	189	1723	2022-03-04	7
713	194	2146	2022-03-04	1
714	202	420	2022-03-04	8
715	208	830	2022-03-04	6
716	28	2437	2022-03-05	2
717	46	2594	2022-03-05	5
718	92	4180	2022-03-05	4
719	97	2225	2022-03-05	2
720	109	3024	2022-03-05	8
721	159	682	2022-03-05	5
722	180	228	2022-03-05	7
723	189	1560	2022-03-05	5
724	75	2322	2022-03-06	8
725	87	2943	2022-03-06	2
726	103	3061	2022-03-06	1
727	114	3412	2022-03-06	2
728	123	2885	2022-03-06	7
729	126	1728	2022-03-06	9
730	132	1451	2022-03-06	2
731	147	1000	2022-03-06	9
732	191	551	2022-03-06	1
733	197	1720	2022-03-06	8
734	21	3705	2022-03-07	7
735	27	2775	2022-03-07	6
736	32	4336	2022-03-07	9
737	39	2516	2022-03-07	2
738	72	3223	2022-03-07	7
739	93	4349	2022-03-07	7
740	119	3746	2022-03-07	7
741	125	1473	2022-03-07	2
742	155	806	2022-03-07	4
743	163	613	2022-03-07	6
744	164	92	2022-03-07	4
745	181	1980	2022-03-07	3
746	199	831	2022-03-07	3
747	230	1752	2022-03-07	7
748	231	2059	2022-03-07	7
749	9	3154	2022-03-08	4
750	13	3249	2022-03-08	9
751	96	4308	2022-03-08	5
752	100	3619	2022-03-08	9
753	101	3826	2022-03-08	7
754	112	2328	2022-03-08	6
755	113	4215	2022-03-08	4
756	134	2093	2022-03-08	6
757	179	1466	2022-03-08	9
758	193	455	2022-03-08	2
759	211	170	2022-03-08	3
760	28	2192	2022-03-09	9
761	75	3978	2022-03-09	2
762	90	4235	2022-03-09	10
763	110	3440	2022-03-09	3
764	147	589	2022-03-09	7
765	177	598	2022-03-09	9
766	182	1200	2022-03-09	4
767	210	885	2022-03-09	10
768	210	1226	2022-03-09	4
769	232	422	2022-03-09	3
770	1	3151	2022-03-10	7
771	10	3979	2022-03-10	4
772	43	2561	2022-03-10	3
773	83	2752	2022-03-10	5
774	145	326	2022-03-10	7
775	156	414	2022-03-10	4
776	167	1861	2022-03-10	9
777	170	1185	2022-03-10	2
778	214	821	2022-03-10	9
779	222	341	2022-03-10	6
780	232	1276	2022-03-10	5
781	10	3871	2022-03-11	3
782	26	4316	2022-03-11	10
783	27	3073	2022-03-11	7
784	54	3714	2022-03-11	1
785	56	3462	2022-03-11	1
786	65	3653	2022-03-11	3
787	76	2697	2022-03-11	2
788	134	1265	2022-03-11	3
789	145	1931	2022-03-11	5
790	161	607	2022-03-11	5
791	162	481	2022-03-11	7
792	178	675	2022-03-11	6
793	178	1053	2022-03-11	6
794	191	966	2022-03-11	8
795	9	2830	2022-03-12	3
796	17	2326	2022-03-12	4
797	22	4351	2022-03-12	7
798	80	2638	2022-03-12	9
799	88	3131	2022-03-12	6
800	113	4304	2022-03-12	5
801	138	66	2022-03-12	3
802	148	1497	2022-03-12	2
803	179	1907	2022-03-12	2
804	209	649	2022-03-12	4
805	223	740	2022-03-12	2
806	226	1471	2022-03-12	5
807	18	3009	2022-03-13	4
808	42	3037	2022-03-13	3
809	50	2782	2022-03-13	4
810	109	3516	2022-03-13	9
811	120	2514	2022-03-13	10
812	132	989	2022-03-13	6
813	141	1639	2022-03-13	8
814	155	1016	2022-03-13	7
815	169	376	2022-03-13	9
816	170	1756	2022-03-13	9
817	206	1699	2022-03-13	4
818	1	2875	2022-03-14	10
819	10	3253	2022-03-14	6
820	52	2509	2022-03-14	6
821	74	4075	2022-03-14	6
822	104	4135	2022-03-14	5
823	114	2327	2022-03-14	9
824	135	904	2022-03-14	4
825	140	780	2022-03-14	1
826	146	1546	2022-03-14	6
827	146	9	2022-03-14	2
828	167	1179	2022-03-14	8
829	191	77	2022-03-14	6
830	191	2088	2022-03-14	5
831	29	2492	2022-03-15	8
832	30	3391	2022-03-15	10
833	47	2830	2022-03-15	1
834	50	3660	2022-03-15	2
835	83	3167	2022-03-15	1
836	145	127	2022-03-15	9
837	145	2124	2022-03-15	4
838	154	2048	2022-03-15	9
839	179	465	2022-03-15	1
840	206	902	2022-03-15	9
841	224	1737	2022-03-15	4
842	30	4347	2022-03-16	9
843	34	3396	2022-03-16	9
844	113	3829	2022-03-16	3
845	116	3240	2022-03-16	3
846	158	826	2022-03-16	7
847	159	146	2022-03-16	6
848	173	197	2022-03-16	7
849	219	113	2022-03-16	2
850	228	904	2022-03-16	1
851	26	3824	2022-03-17	6
852	31	2178	2022-03-17	4
853	64	3147	2022-03-17	6
854	69	4221	2022-03-17	2
855	72	4264	2022-03-17	4
856	97	2457	2022-03-17	1
857	118	2274	2022-03-17	2
858	130	421	2022-03-17	3
859	167	1225	2022-03-17	8
860	169	1089	2022-03-17	6
861	211	272	2022-03-17	4
862	13	4152	2022-03-18	3
863	46	4083	2022-03-18	6
864	55	4203	2022-03-18	5
865	56	3771	2022-03-18	2
866	99	3007	2022-03-18	2
867	201	1001	2022-03-18	9
868	206	1945	2022-03-18	6
869	216	1875	2022-03-18	6
870	9	2358	2022-03-19	3
871	11	3682	2022-03-19	7
872	15	3697	2022-03-19	8
873	16	4264	2022-03-19	10
874	22	2328	2022-03-19	6
875	74	4199	2022-03-19	4
876	96	2941	2022-03-19	5
877	101	4187	2022-03-19	3
878	143	1903	2022-03-19	2
879	187	58	2022-03-19	3
880	191	543	2022-03-19	8
881	26	2598	2022-03-20	7
882	73	3803	2022-03-20	9
883	74	3969	2022-03-20	5
884	77	3316	2022-03-20	6
885	97	3632	2022-03-20	10
886	99	2677	2022-03-20	2
887	103	2370	2022-03-20	5
888	118	4288	2022-03-20	6
889	153	1425	2022-03-20	1
890	172	1319	2022-03-20	1
891	177	1765	2022-03-20	8
892	197	234	2022-03-20	4
893	218	528	2022-03-20	6
894	4	2917	2022-03-21	7
895	37	4092	2022-03-21	4
896	44	3214	2022-03-21	6
897	55	3018	2022-03-21	1
898	68	3060	2022-03-21	10
899	94	3630	2022-03-21	2
900	98	2892	2022-03-21	2
901	99	4103	2022-03-21	3
902	132	471	2022-03-21	5
903	135	1119	2022-03-21	1
904	149	1530	2022-03-21	10
905	163	782	2022-03-21	7
906	170	1019	2022-03-21	8
907	173	1936	2022-03-21	10
908	184	1389	2022-03-21	3
909	188	73	2022-03-21	6
910	190	1663	2022-03-21	6
911	216	103	2022-03-21	9
912	217	761	2022-03-21	8
913	8	3437	2022-03-22	8
914	48	2660	2022-03-22	10
915	70	4361	2022-03-22	10
916	72	2200	2022-03-22	9
917	128	59	2022-03-22	2
918	148	742	2022-03-22	10
919	173	2063	2022-03-22	8
920	2	2459	2022-03-23	1
921	46	4379	2022-03-23	7
922	55	3965	2022-03-23	4
923	57	3822	2022-03-23	6
924	59	3845	2022-03-23	6
925	108	3097	2022-03-23	2
926	113	2754	2022-03-23	1
927	131	815	2022-03-23	8
928	136	1800	2022-03-23	2
929	149	706	2022-03-23	5
930	175	2075	2022-03-23	10
931	180	180	2022-03-23	9
932	214	1332	2022-03-23	1
933	223	1361	2022-03-23	1
934	16	2422	2022-03-24	8
935	25	2637	2022-03-24	10
936	36	2964	2022-03-24	6
937	119	4326	2022-03-24	10
938	138	331	2022-03-24	6
939	203	573	2022-03-24	10
940	217	1015	2022-03-24	10
941	27	4247	2022-03-25	1
942	37	3142	2022-03-25	5
943	57	3254	2022-03-25	6
944	65	2834	2022-03-25	7
945	104	2537	2022-03-25	1
946	116	3249	2022-03-25	10
947	119	3304	2022-03-25	3
948	119	3963	2022-03-25	1
949	150	371	2022-03-25	3
950	155	1758	2022-03-25	5
951	157	1471	2022-03-25	5
952	170	668	2022-03-25	6
953	180	1809	2022-03-25	4
954	28	4299	2022-03-26	1
955	32	2485	2022-03-26	1
956	61	3229	2022-03-26	3
957	61	3750	2022-03-26	4
958	68	3861	2022-03-26	5
959	76	4270	2022-03-26	3
960	139	1407	2022-03-26	7
961	176	532	2022-03-26	5
962	177	2128	2022-03-26	10
963	202	167	2022-03-26	8
964	224	128	2022-03-26	7
965	28	3131	2022-03-27	9
966	92	3356	2022-03-27	3
967	93	4289	2022-03-27	8
968	96	3752	2022-03-27	7
969	115	2307	2022-03-27	2
970	116	4256	2022-03-27	8
971	125	1876	2022-03-27	3
972	149	1253	2022-03-27	7
973	173	2152	2022-03-27	2
974	210	1895	2022-03-27	8
975	9	3620	2022-03-28	9
976	13	2308	2022-03-28	1
977	25	3266	2022-03-28	4
978	40	2162	2022-03-28	10
979	43	2462	2022-03-28	7
980	52	3629	2022-03-28	1
981	103	3176	2022-03-28	10
982	129	812	2022-03-28	8
983	134	301	2022-03-28	2
984	184	1691	2022-03-28	1
985	221	1331	2022-03-28	5
986	224	1487	2022-03-28	9
987	9	4097	2022-03-29	9
988	34	2410	2022-03-29	7
989	38	3745	2022-03-29	5
990	65	2492	2022-03-29	6
991	73	2627	2022-03-29	6
992	74	3804	2022-03-29	10
993	81	3133	2022-03-29	7
994	89	2382	2022-03-29	10
995	90	3917	2022-03-29	1
996	113	2690	2022-03-29	2
997	180	2011	2022-03-29	2
998	193	629	2022-03-29	9
999	43	3440	2022-03-30	9
1000	57	3080	2022-03-30	1
1001	62	3522	2022-03-30	7
1002	88	2655	2022-03-30	7
1003	135	1126	2022-03-30	2
1004	150	999	2022-03-30	3
1005	179	838	2022-03-30	6
1006	181	1495	2022-03-30	7
1007	190	974	2022-03-30	10
1008	219	1215	2022-03-30	9
1009	228	446	2022-03-30	7
1010	229	1356	2022-03-30	10
1011	17	3336	2022-03-31	1
1012	22	3709	2022-03-31	6
1013	50	2916	2022-03-31	1
1014	54	3504	2022-03-31	9
1015	81	3683	2022-03-31	6
1016	85	2236	2022-03-31	10
1017	91	2318	2022-03-31	4
1018	95	4133	2022-03-31	5
1019	98	4253	2022-03-31	8
1020	108	3368	2022-03-31	7
1021	113	3968	2022-03-31	7
1022	114	3476	2022-03-31	6
1023	121	4151	2022-03-31	1
1024	124	2408	2022-03-31	8
1025	164	1212	2022-03-31	7
1026	172	1334	2022-03-31	9
1027	7	4360	2022-04-01	9
1028	18	3767	2022-04-01	7
1029	89	2803	2022-04-01	4
1030	90	2622	2022-04-01	6
1031	94	2941	2022-04-01	3
1032	96	3879	2022-04-01	8
1033	107	3151	2022-04-01	9
1034	111	4159	2022-04-01	9
1035	114	3422	2022-04-01	1
1036	130	407	2022-04-01	4
1037	172	179	2022-04-01	5
1038	203	274	2022-04-01	7
1039	21	3266	2022-04-02	4
1040	52	3193	2022-04-02	3
1041	53	4046	2022-04-02	6
1042	81	4060	2022-04-02	8
1043	104	4315	2022-04-02	6
1044	129	1650	2022-04-02	6
1045	156	1738	2022-04-02	10
1046	181	892	2022-04-02	1
1047	2	4195	2022-04-03	1
1048	12	2598	2022-04-03	5
1049	34	3442	2022-04-03	6
1050	57	2456	2022-04-03	6
1051	89	2909	2022-04-03	8
1052	105	2592	2022-04-03	2
1053	115	2806	2022-04-03	1
1054	166	2046	2022-04-03	3
1055	189	388	2022-04-03	8
1056	191	2068	2022-04-03	3
1057	202	730	2022-04-03	5
1058	15	4340	2022-04-04	5
1059	41	2536	2022-04-04	2
1060	67	2427	2022-04-04	2
1061	72	4215	2022-04-04	6
1062	77	4303	2022-04-04	8
1063	80	2632	2022-04-04	6
1064	112	3640	2022-04-04	5
1065	128	759	2022-04-04	1
1066	136	1346	2022-04-04	5
1067	153	1587	2022-04-04	4
1068	178	1131	2022-04-04	9
1069	194	1964	2022-04-04	5
1070	204	1539	2022-04-04	1
1071	207	1490	2022-04-04	8
1072	42	4093	2022-04-05	7
1073	56	3286	2022-04-05	1
1074	66	3968	2022-04-05	7
1075	79	2920	2022-04-05	5
1076	102	3582	2022-04-05	1
1077	149	377	2022-04-05	8
1078	210	522	2022-04-05	3
1079	14	4250	2022-04-06	4
1080	30	3394	2022-04-06	7
1081	107	2716	2022-04-06	6
1082	128	1454	2022-04-06	7
1083	209	1489	2022-04-06	4
1084	215	440	2022-04-06	9
1085	219	1691	2022-04-06	9
1086	30	3871	2022-04-07	8
1087	72	3687	2022-04-07	9
1088	77	3731	2022-04-07	5
1089	97	2197	2022-04-07	8
1090	123	2634	2022-04-07	4
1091	134	887	2022-04-07	10
1092	136	535	2022-04-07	8
1093	170	1655	2022-04-07	10
1094	173	817	2022-04-07	6
1095	181	207	2022-04-07	10
1096	194	1592	2022-04-07	5
1097	217	1427	2022-04-07	10
1098	6	3922	2022-04-08	9
1099	11	2488	2022-04-08	9
1100	29	2954	2022-04-08	4
1101	29	3180	2022-04-08	2
1102	36	3069	2022-04-08	7
1103	75	2780	2022-04-08	2
1104	124	4190	2022-04-08	8
1105	139	1574	2022-04-08	1
1106	146	1058	2022-04-08	8
1107	163	1300	2022-04-08	5
1108	173	382	2022-04-08	4
1109	215	1265	2022-04-08	10
1110	221	1267	2022-04-08	2
1111	2	2521	2022-04-09	8
1112	9	3024	2022-04-09	5
1113	21	2963	2022-04-09	10
1114	74	3407	2022-04-09	4
1115	84	2370	2022-04-09	1
1116	180	965	2022-04-09	8
1117	182	1934	2022-04-09	6
1118	204	1795	2022-04-09	9
1119	205	1670	2022-04-09	8
1120	211	371	2022-04-09	9
1121	4	3852	2022-04-10	2
1122	23	4262	2022-04-10	10
1123	23	4151	2022-04-10	6
1124	40	3086	2022-04-10	9
1125	63	4251	2022-04-10	10
1126	86	2225	2022-04-10	4
1127	95	2449	2022-04-10	10
1128	111	2366	2022-04-10	4
1129	123	2766	2022-04-10	3
1130	142	865	2022-04-10	4
1131	153	630	2022-04-10	3
1132	159	1016	2022-04-10	1
1133	164	710	2022-04-10	8
1134	169	1875	2022-04-10	4
1135	172	1608	2022-04-10	6
1136	183	1913	2022-04-10	1
1137	189	957	2022-04-10	8
1138	195	601	2022-04-10	1
1139	203	1656	2022-04-10	7
1140	229	1090	2022-04-10	4
1141	3	4007	2022-04-11	4
1142	9	3940	2022-04-11	8
1143	62	2769	2022-04-11	8
1144	110	3967	2022-04-11	8
1145	110	2928	2022-04-11	3
1146	111	3751	2022-04-11	4
1147	124	2602	2022-04-11	7
1148	144	1557	2022-04-11	7
1149	156	1228	2022-04-11	5
1150	173	839	2022-04-11	1
1151	198	877	2022-04-11	5
1152	198	44	2022-04-11	4
1153	32	3175	2022-04-12	2
1154	100	4366	2022-04-12	3
1155	118	2312	2022-04-12	8
1156	218	452	2022-04-12	2
1157	46	3438	2022-04-13	3
1158	51	2751	2022-04-13	3
1159	83	2686	2022-04-13	4
1160	91	3441	2022-04-13	4
1161	114	4203	2022-04-13	10
1162	139	751	2022-04-13	4
1163	143	1479	2022-04-13	2
1164	149	1357	2022-04-13	4
1165	218	1369	2022-04-13	10
1166	218	906	2022-04-13	3
1167	18	3546	2022-04-14	6
1168	34	4274	2022-04-14	5
1169	57	2799	2022-04-14	6
1170	66	3317	2022-04-14	1
1171	76	2888	2022-04-14	10
1172	92	3456	2022-04-14	1
1173	125	1755	2022-04-14	5
1174	128	988	2022-04-14	8
1175	199	1699	2022-04-14	8
1176	221	1962	2022-04-14	4
1177	24	2466	2022-04-15	5
1178	74	4057	2022-04-15	9
1179	150	103	2022-04-15	9
1180	177	526	2022-04-15	10
1181	183	1984	2022-04-15	3
1182	208	1645	2022-04-15	8
1183	219	1749	2022-04-15	1
1184	226	798	2022-04-15	4
1185	37	3385	2022-04-16	4
1186	52	3637	2022-04-16	8
1187	52	2350	2022-04-16	2
1188	57	3380	2022-04-16	6
1189	67	4369	2022-04-16	2
1190	75	3800	2022-04-16	3
1191	85	2587	2022-04-16	9
1192	96	4099	2022-04-16	8
1193	99	3054	2022-04-16	5
1194	109	2546	2022-04-16	3
1195	117	2382	2022-04-16	3
1196	124	2656	2022-04-16	4
1197	125	1000	2022-04-16	5
1198	143	1814	2022-04-16	1
1199	161	1312	2022-04-16	9
1200	180	561	2022-04-16	2
1201	188	1137	2022-04-16	3
1202	207	1375	2022-04-16	5
1203	1	3965	2022-04-17	5
1204	14	2166	2022-04-17	9
1205	26	3154	2022-04-17	5
1206	74	2230	2022-04-17	5
1207	89	4095	2022-04-17	10
1208	100	3655	2022-04-17	7
1209	115	3980	2022-04-17	4
1210	128	1173	2022-04-17	4
1211	138	310	2022-04-17	5
1212	142	2148	2022-04-17	6
1213	145	1128	2022-04-17	1
1214	173	1840	2022-04-17	7
1215	177	480	2022-04-17	1
1216	178	1632	2022-04-17	6
1217	179	1579	2022-04-17	8
1218	182	578	2022-04-17	8
1219	25	3286	2022-04-18	4
1220	32	4373	2022-04-18	4
1221	38	4276	2022-04-18	8
1222	50	2157	2022-04-18	1
1223	67	4016	2022-04-18	2
1224	75	3830	2022-04-18	5
1225	105	3392	2022-04-18	8
1226	110	2801	2022-04-18	4
1227	176	1195	2022-04-18	6
1228	185	1611	2022-04-18	6
1229	211	450	2022-04-18	2
1230	212	7	2022-04-18	1
1231	8	2434	2022-04-19	6
1232	47	3508	2022-04-19	4
1233	50	4013	2022-04-19	3
1234	61	2418	2022-04-19	9
1235	80	2698	2022-04-19	7
1236	92	2330	2022-04-19	7
1237	101	3064	2022-04-19	1
1238	177	717	2022-04-19	4
1239	182	294	2022-04-19	5
1240	195	1875	2022-04-19	4
1241	209	518	2022-04-19	4
1242	227	341	2022-04-19	5
1243	19	3393	2022-04-20	6
1244	68	2741	2022-04-20	5
1245	89	2313	2022-04-20	2
1246	142	805	2022-04-20	8
1247	175	1773	2022-04-20	4
1248	211	736	2022-04-20	10
1249	230	1769	2022-04-20	3
1250	95	2398	2022-04-21	6
1251	148	487	2022-04-21	9
1252	150	480	2022-04-21	8
1253	157	1233	2022-04-21	7
1254	160	538	2022-04-21	8
1255	172	797	2022-04-21	2
1256	183	515	2022-04-21	5
1257	7	2653	2022-04-22	7
1258	10	3872	2022-04-22	5
1259	59	4332	2022-04-22	3
1260	60	4053	2022-04-22	7
1261	74	3699	2022-04-22	6
1262	86	4362	2022-04-22	8
1263	87	2689	2022-04-22	9
1264	88	3311	2022-04-22	9
1265	90	2535	2022-04-22	3
1266	118	2573	2022-04-22	8
1267	137	841	2022-04-22	1
1268	144	1691	2022-04-22	3
1269	150	1351	2022-04-22	1
1270	162	1322	2022-04-22	1
1271	212	766	2022-04-22	10
1272	222	564	2022-04-22	7
1273	2	4027	2022-04-23	3
1274	15	2439	2022-04-23	2
1275	36	3540	2022-04-23	8
1276	60	3868	2022-04-23	5
1277	62	2299	2022-04-23	9
1278	97	2381	2022-04-23	2
1279	111	4343	2022-04-23	8
1280	121	2582	2022-04-23	5
1281	165	1217	2022-04-23	5
1282	215	1302	2022-04-23	7
1283	220	407	2022-04-23	4
1284	47	3025	2022-04-24	7
1285	105	2574	2022-04-24	1
1286	122	2349	2022-04-24	10
1287	131	1654	2022-04-24	5
1288	132	955	2022-04-24	5
1289	137	443	2022-04-24	5
1290	143	995	2022-04-24	2
1291	146	1510	2022-04-24	2
1292	168	201	2022-04-24	2
1293	171	1606	2022-04-24	9
1294	176	130	2022-04-24	6
1295	179	390	2022-04-24	1
1296	11	3863	2022-04-25	6
1297	28	2258	2022-04-25	9
1298	57	2695	2022-04-25	5
1299	79	4379	2022-04-25	8
1300	80	3131	2022-04-25	9
1301	125	1888	2022-04-25	7
1302	139	1857	2022-04-25	6
1303	139	1582	2022-04-25	8
1304	149	1718	2022-04-25	9
1305	150	1339	2022-04-25	1
1306	185	2047	2022-04-25	1
1307	188	1844	2022-04-25	2
1308	195	36	2022-04-25	2
1309	209	1163	2022-04-25	3
1310	218	798	2022-04-25	1
1311	68	3530	2022-04-26	10
1312	68	3993	2022-04-26	3
1313	69	3319	2022-04-26	9
1314	90	3790	2022-04-26	8
1315	120	3222	2022-04-26	3
1316	126	1337	2022-04-26	6
1317	128	51	2022-04-26	4
1318	132	617	2022-04-26	10
1319	133	316	2022-04-26	10
1320	146	749	2022-04-26	9
1321	150	1505	2022-04-26	8
1322	151	1294	2022-04-26	5
1323	182	999	2022-04-26	4
1324	208	57	2022-04-26	6
1325	49	3113	2022-04-27	9
1326	107	2919	2022-04-27	7
1327	116	2600	2022-04-27	7
1328	124	3463	2022-04-27	5
1329	142	759	2022-04-27	3
1330	145	462	2022-04-27	5
1331	219	1444	2022-04-27	3
1332	18	3165	2022-04-28	5
1333	69	3637	2022-04-28	8
1334	121	2473	2022-04-28	1
1335	121	4377	2022-04-28	7
1336	127	291	2022-04-28	6
1337	140	21	2022-04-28	2
1338	159	932	2022-04-28	10
1339	159	1132	2022-04-28	6
1340	207	264	2022-04-28	7
1341	222	223	2022-04-28	7
1342	7	3798	2022-04-29	4
1343	18	2298	2022-04-29	7
1344	24	3027	2022-04-29	1
1345	79	3727	2022-04-29	8
1346	89	2269	2022-04-29	6
1347	94	2889	2022-04-29	2
1348	141	313	2022-04-29	9
1349	142	1838	2022-04-29	8
1350	157	767	2022-04-29	6
1351	190	772	2022-04-29	7
1352	193	1603	2022-04-29	6
1353	194	203	2022-04-29	6
1354	30	3212	2022-04-30	6
1355	65	3899	2022-04-30	6
1356	152	1736	2022-04-30	9
1357	154	1745	2022-04-30	1
1358	161	1558	2022-04-30	9
1359	161	1802	2022-04-30	9
1360	10	3061	2022-05-01	1
1361	14	3060	2022-05-01	7
1362	97	2184	2022-05-01	1
1363	119	4042	2022-05-01	2
1364	132	1596	2022-05-01	5
1365	159	857	2022-05-01	7
1366	164	965	2022-05-01	6
1367	180	196	2022-05-01	6
1368	182	2045	2022-05-01	9
1369	185	761	2022-05-01	1
1370	200	1337	2022-05-01	5
1371	209	2092	2022-05-01	6
1372	217	1184	2022-05-01	3
1373	232	596	2022-05-01	7
1374	19	2969	2022-05-02	10
1375	40	3062	2022-05-02	9
1376	54	2469	2022-05-02	4
1377	90	2467	2022-05-02	10
1378	104	3858	2022-05-02	3
1379	109	2962	2022-05-02	5
1380	116	4364	2022-05-02	10
1381	136	332	2022-05-02	10
1382	163	928	2022-05-02	8
1383	165	87	2022-05-02	5
1384	180	1019	2022-05-02	2
1385	205	2121	2022-05-02	6
1386	221	1570	2022-05-02	10
1387	224	862	2022-05-02	4
1388	11	2456	2022-05-03	10
1389	25	3455	2022-05-03	3
1390	41	2195	2022-05-03	2
1391	42	3901	2022-05-03	3
1392	72	3868	2022-05-03	1
1393	85	3627	2022-05-03	8
1394	115	3448	2022-05-03	1
1395	119	3708	2022-05-03	8
1396	155	1193	2022-05-03	4
1397	168	1533	2022-05-03	3
1398	184	1112	2022-05-03	3
1399	196	74	2022-05-03	9
1400	221	1225	2022-05-03	1
1401	13	3139	2022-05-04	1
1402	53	2865	2022-05-04	8
1403	80	4197	2022-05-04	9
1404	88	4015	2022-05-04	5
1405	108	4021	2022-05-04	8
1406	127	1260	2022-05-04	3
1407	136	1419	2022-05-04	4
1408	161	1792	2022-05-04	8
1409	205	1811	2022-05-04	1
1410	20	3806	2022-05-05	1
1411	25	2734	2022-05-05	5
1412	56	3314	2022-05-05	2
1413	79	2966	2022-05-05	9
1414	87	4327	2022-05-05	1
1415	100	4209	2022-05-05	5
1416	147	762	2022-05-05	1
1417	182	1709	2022-05-05	8
1418	230	1355	2022-05-05	5
1419	30	3523	2022-05-06	1
1420	51	4342	2022-05-06	9
1421	61	4063	2022-05-06	8
1422	61	3834	2022-05-06	4
1423	87	2914	2022-05-06	7
1424	89	3631	2022-05-06	7
1425	100	3579	2022-05-06	7
1426	176	1132	2022-05-06	3
1427	181	644	2022-05-06	10
1428	183	673	2022-05-06	1
1429	6	2543	2022-05-07	6
1430	26	2228	2022-05-07	9
1431	44	4163	2022-05-07	1
1432	47	3944	2022-05-07	10
1433	78	4148	2022-05-07	10
1434	177	728	2022-05-07	3
1435	199	1617	2022-05-07	1
1436	205	611	2022-05-07	4
1437	232	1108	2022-05-07	3
1438	28	2955	2022-05-08	7
1439	43	2642	2022-05-08	8
1440	47	3168	2022-05-08	9
1441	145	498	2022-05-08	6
1442	173	967	2022-05-08	4
1443	188	1594	2022-05-08	7
1444	191	2115	2022-05-08	2
1445	219	241	2022-05-08	6
1446	9	4176	2022-05-09	8
1447	10	3718	2022-05-09	2
1448	97	2739	2022-05-09	7
1449	101	2727	2022-05-09	2
1450	104	2183	2022-05-09	7
1451	113	2715	2022-05-09	8
1452	121	2780	2022-05-09	5
1453	130	1185	2022-05-09	2
1454	130	815	2022-05-09	8
1455	137	1607	2022-05-09	3
1456	181	1276	2022-05-09	9
1457	181	757	2022-05-09	6
1458	185	1668	2022-05-09	8
1459	220	353	2022-05-09	8
1460	228	274	2022-05-09	8
1461	19	3485	2022-05-10	5
1462	34	3244	2022-05-10	3
1463	53	3714	2022-05-10	4
1464	68	3078	2022-05-10	1
1465	85	3917	2022-05-10	10
1466	104	3761	2022-05-10	7
1467	105	3552	2022-05-10	10
1468	117	2517	2022-05-10	3
1469	127	1125	2022-05-10	6
1470	142	2004	2022-05-10	6
1471	147	1415	2022-05-10	8
1472	199	1321	2022-05-10	6
1473	213	1818	2022-05-10	4
1474	223	1357	2022-05-10	7
1475	11	3726	2022-05-11	10
1476	33	2957	2022-05-11	10
1477	49	3008	2022-05-11	3
1478	55	2576	2022-05-11	1
1479	79	3259	2022-05-11	5
1480	89	2188	2022-05-11	3
1481	90	2418	2022-05-11	3
1482	96	2270	2022-05-11	7
1483	100	2878	2022-05-11	5
1484	100	2330	2022-05-11	3
1485	125	824	2022-05-11	10
1486	149	1152	2022-05-11	6
1487	150	1616	2022-05-11	9
1488	151	239	2022-05-11	10
1489	183	662	2022-05-11	8
1490	193	596	2022-05-11	7
1491	216	1212	2022-05-11	10
1492	217	953	2022-05-11	1
1493	60	2222	2022-05-12	8
1494	65	3788	2022-05-12	7
1495	86	3648	2022-05-12	5
1496	87	2650	2022-05-12	9
1497	121	2284	2022-05-12	6
1498	192	243	2022-05-12	4
1499	12	3879	2022-05-13	2
1500	19	2534	2022-05-13	9
1501	52	3457	2022-05-13	8
1502	145	720	2022-05-13	5
1503	153	1585	2022-05-13	2
1504	159	206	2022-05-13	10
1505	169	1271	2022-05-13	4
1506	176	919	2022-05-13	1
1507	204	1645	2022-05-13	5
1508	221	1297	2022-05-13	8
1509	3	4340	2022-05-14	7
1510	19	3546	2022-05-14	7
1511	30	4202	2022-05-14	2
1512	49	3898	2022-05-14	1
1513	105	2301	2022-05-14	8
1514	120	3003	2022-05-14	3
1515	130	417	2022-05-14	5
1516	140	1928	2022-05-14	10
1517	143	131	2022-05-14	9
1518	149	2080	2022-05-14	1
1519	165	1978	2022-05-14	6
1520	168	1643	2022-05-14	1
1521	199	315	2022-05-14	6
1522	28	4212	2022-05-15	6
1523	30	2581	2022-05-15	7
1524	57	3515	2022-05-15	1
1525	69	2462	2022-05-15	3
1526	84	3729	2022-05-15	4
1527	137	109	2022-05-15	9
1528	182	719	2022-05-15	1
1529	35	3813	2022-05-16	9
1530	37	2817	2022-05-16	10
1531	49	3992	2022-05-16	1
1532	60	2711	2022-05-16	9
1533	61	3313	2022-05-16	7
1534	80	4120	2022-05-16	4
1535	83	2913	2022-05-16	6
1536	86	3220	2022-05-16	1
1537	106	2981	2022-05-16	1
1538	121	4209	2022-05-16	5
1539	135	188	2022-05-16	6
1540	209	644	2022-05-16	6
1541	227	631	2022-05-16	7
1542	23	3473	2022-05-17	8
1543	56	2671	2022-05-17	3
1544	80	3155	2022-05-17	7
1545	98	3421	2022-05-17	4
1546	109	2964	2022-05-17	8
1547	130	112	2022-05-17	3
1548	213	2052	2022-05-17	1
1549	60	2938	2022-05-18	3
1550	91	2375	2022-05-18	1
1551	108	3659	2022-05-18	8
1552	139	871	2022-05-18	10
1553	141	2038	2022-05-18	4
1554	171	2105	2022-05-18	8
1555	212	859	2022-05-18	2
1556	230	1078	2022-05-18	6
1557	3	2695	2022-05-19	2
1558	5	2329	2022-05-19	2
1559	6	3105	2022-05-19	10
1560	19	2670	2022-05-19	3
1561	67	4267	2022-05-19	2
1562	84	3367	2022-05-19	6
1563	130	797	2022-05-19	10
1564	185	719	2022-05-19	6
1565	206	2002	2022-05-19	2
1566	223	500	2022-05-19	10
1567	12	3648	2022-05-20	8
1568	48	2688	2022-05-20	8
1569	65	2403	2022-05-20	3
1570	70	2884	2022-05-20	10
1571	72	3231	2022-05-20	10
1572	78	2979	2022-05-20	3
1573	79	2724	2022-05-20	10
1574	177	228	2022-05-20	1
1575	192	1957	2022-05-20	1
1576	37	3942	2022-05-21	3
1577	56	3952	2022-05-21	1
1578	69	3312	2022-05-21	1
1579	106	3780	2022-05-21	5
1580	112	3147	2022-05-21	1
1581	140	379	2022-05-21	2
1582	21	3593	2022-05-22	7
1583	34	2777	2022-05-22	8
1584	34	2970	2022-05-22	9
1585	42	3649	2022-05-22	1
1586	49	2384	2022-05-22	9
1587	66	4027	2022-05-22	5
1588	67	4355	2022-05-22	4
1589	104	3171	2022-05-22	4
1590	136	335	2022-05-22	6
1591	147	963	2022-05-22	3
1592	182	2022	2022-05-22	4
1593	211	2109	2022-05-22	3
1594	8	2467	2022-05-23	3
1595	26	3046	2022-05-23	5
1596	53	4182	2022-05-23	8
1597	72	3362	2022-05-23	1
1598	95	3368	2022-05-23	5
1599	111	4317	2022-05-23	8
1600	153	1579	2022-05-23	2
1601	221	6	2022-05-23	7
1602	224	1537	2022-05-23	9
1603	1	2809	2022-05-24	4
1604	14	3497	2022-05-24	4
1605	21	2739	2022-05-24	8
1606	34	3689	2022-05-24	9
1607	37	4180	2022-05-24	10
1608	40	2996	2022-05-24	2
1609	50	2350	2022-05-24	10
1610	70	4314	2022-05-24	6
1611	100	3783	2022-05-24	9
1612	148	1575	2022-05-24	8
1613	167	1954	2022-05-24	9
1614	174	718	2022-05-24	1
1615	191	1867	2022-05-24	7
1616	205	1631	2022-05-24	7
1617	14	2860	2022-05-25	3
1618	15	2208	2022-05-25	2
1619	121	3343	2022-05-25	6
1620	157	1809	2022-05-25	8
1621	163	587	2022-05-25	4
1622	170	1912	2022-05-25	5
1623	183	1048	2022-05-25	5
1624	190	624	2022-05-25	4
1625	192	2010	2022-05-25	5
1626	205	2021	2022-05-25	5
1627	229	752	2022-05-25	1
1628	13	2526	2022-05-26	9
1629	50	2485	2022-05-26	3
1630	51	4025	2022-05-26	5
1631	80	2718	2022-05-26	9
1632	97	3448	2022-05-26	6
1633	99	4131	2022-05-26	10
1634	128	724	2022-05-26	6
1635	192	697	2022-05-26	6
1636	197	19	2022-05-26	8
1637	197	576	2022-05-26	7
1638	225	888	2022-05-26	4
1639	3	2640	2022-05-27	7
1640	22	3982	2022-05-27	5
1641	36	4053	2022-05-27	9
1642	53	2670	2022-05-27	10
1643	101	3622	2022-05-27	9
1644	119	3426	2022-05-27	9
1645	135	626	2022-05-27	1
1646	140	695	2022-05-27	7
1647	141	528	2022-05-27	7
1648	146	775	2022-05-27	6
1649	160	255	2022-05-27	9
1650	164	980	2022-05-27	5
1651	179	1956	2022-05-27	5
1652	180	1214	2022-05-27	1
1653	200	1789	2022-05-27	2
1654	223	653	2022-05-27	1
1655	225	53	2022-05-27	1
1656	9	3213	2022-05-28	2
1657	57	2522	2022-05-28	10
1658	77	3931	2022-05-28	2
1659	114	4036	2022-05-28	3
1660	149	2054	2022-05-28	10
1661	215	502	2022-05-28	9
1662	224	674	2022-05-28	4
1663	7	2309	2022-05-29	9
1664	13	2569	2022-05-29	6
1665	74	2413	2022-05-29	4
1666	87	2264	2022-05-29	5
1667	91	4306	2022-05-29	3
1668	154	1604	2022-05-29	9
1669	160	268	2022-05-29	7
1670	160	585	2022-05-29	6
1671	172	1567	2022-05-29	6
1672	181	1953	2022-05-29	6
1673	182	2029	2022-05-29	10
1674	209	543	2022-05-29	1
1675	211	997	2022-05-29	3
1676	39	3459	2022-05-30	3
1677	45	4073	2022-05-30	6
1678	78	2622	2022-05-30	4
1679	99	2543	2022-05-30	4
1680	127	2010	2022-05-30	4
1681	142	592	2022-05-30	5
1682	142	888	2022-05-30	9
1683	156	198	2022-05-30	5
1684	184	391	2022-05-30	6
1685	189	326	2022-05-30	8
1686	205	2032	2022-05-30	2
1687	212	1799	2022-05-30	7
1688	4	2517	2022-05-31	4
1689	72	4176	2022-05-31	1
1690	88	2258	2022-05-31	5
1691	103	3954	2022-05-31	10
1692	104	3139	2022-05-31	5
1693	148	523	2022-05-31	5
1694	182	372	2022-05-31	4
1695	206	1235	2022-05-31	5
1696	9	2217	2022-06-01	9
1697	10	3669	2022-06-01	6
1698	16	2970	2022-06-01	3
1699	23	2256	2022-06-01	5
1700	82	3789	2022-06-01	2
1701	111	4017	2022-06-01	2
1702	116	3593	2022-06-01	3
1703	160	1552	2022-06-01	6
1704	175	180	2022-06-01	10
1705	186	2007	2022-06-01	4
1706	188	1125	2022-06-01	3
1707	191	1852	2022-06-01	3
1708	216	913	2022-06-01	8
1709	228	1568	2022-06-01	2
1710	27	2326	2022-06-02	1
1711	27	3314	2022-06-02	7
1712	46	4329	2022-06-02	8
1713	94	2375	2022-06-02	8
1714	97	3229	2022-06-02	1
1715	98	4107	2022-06-02	9
1716	122	2824	2022-06-02	1
1717	186	889	2022-06-02	1
1718	215	973	2022-06-02	8
1719	232	546	2022-06-02	1
1720	12	3550	2022-06-03	4
1721	13	4234	2022-06-03	9
1722	36	3385	2022-06-03	1
1723	42	3700	2022-06-03	5
1724	59	2779	2022-06-03	5
1725	74	2203	2022-06-03	9
1726	87	3508	2022-06-03	1
1727	94	3840	2022-06-03	2
1728	100	4228	2022-06-03	7
1729	101	4014	2022-06-03	10
1730	105	2436	2022-06-03	7
1731	172	199	2022-06-03	2
1732	194	1075	2022-06-03	5
1733	223	1890	2022-06-03	10
1734	225	1295	2022-06-03	9
1735	29	4330	2022-06-04	8
1736	36	4061	2022-06-04	8
1737	66	3703	2022-06-04	7
1738	70	2407	2022-06-04	2
1739	106	2451	2022-06-04	5
1740	109	3237	2022-06-04	6
1741	163	928	2022-06-04	3
1742	165	724	2022-06-04	5
1743	167	579	2022-06-04	8
1744	181	360	2022-06-04	4
1745	185	1938	2022-06-04	1
1746	186	1919	2022-06-04	1
1747	205	1332	2022-06-04	9
1748	30	2208	2022-06-05	7
1749	69	3034	2022-06-05	7
1750	87	2772	2022-06-05	1
1751	115	3834	2022-06-05	6
1752	131	310	2022-06-05	6
1753	136	875	2022-06-05	6
1754	150	833	2022-06-05	2
1755	163	652	2022-06-05	10
1756	167	48	2022-06-05	2
1757	170	1077	2022-06-05	4
1758	175	730	2022-06-05	6
1759	6	4317	2022-06-06	2
1760	20	2291	2022-06-06	5
1761	23	3211	2022-06-06	3
1762	36	2239	2022-06-06	6
1763	38	2586	2022-06-06	10
1764	140	868	2022-06-06	3
1765	164	1749	2022-06-06	2
1766	172	1790	2022-06-06	7
1767	202	1678	2022-06-06	10
1768	45	2811	2022-06-07	2
1769	48	4296	2022-06-07	8
1770	50	3217	2022-06-07	5
1771	60	4371	2022-06-07	6
1772	124	4127	2022-06-07	3
1773	138	113	2022-06-07	10
1774	149	2023	2022-06-07	9
1775	152	1974	2022-06-07	1
1776	158	1421	2022-06-07	9
1777	168	591	2022-06-07	5
1778	170	871	2022-06-07	9
1779	182	1047	2022-06-07	2
1780	196	543	2022-06-07	6
1781	199	1744	2022-06-07	5
1782	207	1910	2022-06-07	8
1783	211	1006	2022-06-07	7
1784	221	1192	2022-06-07	9
1785	29	2875	2022-06-08	5
1786	30	3279	2022-06-08	9
1787	64	3361	2022-06-08	6
1788	66	2823	2022-06-08	7
1789	69	3481	2022-06-08	10
1790	92	3882	2022-06-08	9
1791	118	2775	2022-06-08	7
1792	124	2627	2022-06-08	6
1793	137	1826	2022-06-08	7
1794	174	4	2022-06-08	7
1795	179	1985	2022-06-08	5
1796	197	1090	2022-06-08	7
1797	208	983	2022-06-08	2
1798	223	69	2022-06-08	4
1799	20	3527	2022-06-09	5
1800	38	3532	2022-06-09	1
1801	48	3581	2022-06-09	8
1802	60	2966	2022-06-09	7
1803	71	4212	2022-06-09	1
1804	113	3869	2022-06-09	3
1805	119	3152	2022-06-09	10
1806	134	1282	2022-06-09	8
1807	150	1970	2022-06-09	10
1808	154	803	2022-06-09	2
1809	164	1891	2022-06-09	5
1810	194	1311	2022-06-09	9
1811	9	2167	2022-06-10	7
1812	9	2331	2022-06-10	1
1813	25	2234	2022-06-10	8
1814	42	3193	2022-06-10	1
1815	56	3183	2022-06-10	8
1816	85	2965	2022-06-10	9
1817	89	2371	2022-06-10	2
1818	91	3371	2022-06-10	1
1819	94	3038	2022-06-10	3
1820	121	2485	2022-06-10	3
1821	144	630	2022-06-10	4
1822	176	2132	2022-06-10	3
1823	181	712	2022-06-10	3
1824	185	1102	2022-06-10	7
1825	195	2090	2022-06-10	5
1826	217	388	2022-06-10	3
1827	28	2947	2022-06-11	4
1828	44	3134	2022-06-11	5
1829	78	3314	2022-06-11	5
1830	97	2787	2022-06-11	6
1831	118	3830	2022-06-11	9
1832	161	877	2022-06-11	7
1833	169	1911	2022-06-11	9
1834	205	744	2022-06-11	1
1835	213	176	2022-06-11	6
1836	25	2387	2022-06-12	9
1837	38	4381	2022-06-12	3
1838	42	3299	2022-06-12	6
1839	61	2793	2022-06-12	10
1840	95	3473	2022-06-12	5
1841	121	2711	2022-06-12	7
1842	165	348	2022-06-12	8
1843	177	874	2022-06-12	10
1844	9	2866	2022-06-13	8
1845	58	2263	2022-06-13	10
1846	112	2539	2022-06-13	8
1847	118	4030	2022-06-13	7
1848	128	2013	2022-06-13	4
1849	139	852	2022-06-13	7
1850	152	515	2022-06-13	7
1851	156	441	2022-06-13	3
1852	172	1145	2022-06-13	4
1853	175	1860	2022-06-13	8
1854	204	1068	2022-06-13	10
1855	226	274	2022-06-13	4
1856	13	2226	2022-06-14	8
1857	22	2526	2022-06-14	3
1858	37	2589	2022-06-14	9
1859	39	4326	2022-06-14	6
1860	44	3568	2022-06-14	6
1861	52	4125	2022-06-14	3
1862	52	3352	2022-06-14	1
1863	77	2976	2022-06-14	10
1864	89	3435	2022-06-14	2
1865	103	3574	2022-06-14	8
1866	157	2103	2022-06-14	6
1867	171	133	2022-06-14	9
1868	179	885	2022-06-14	10
1869	186	1124	2022-06-14	5
1870	206	503	2022-06-14	10
1871	225	1405	2022-06-14	10
1872	52	4078	2022-06-15	10
1873	96	3886	2022-06-15	9
1874	111	2888	2022-06-15	5
1875	147	1786	2022-06-15	10
1876	162	131	2022-06-15	6
1877	210	913	2022-06-15	5
1878	1	2835	2022-06-16	8
1879	56	3354	2022-06-16	2
1880	88	3911	2022-06-16	9
1881	94	4272	2022-06-16	3
1882	120	4037	2022-06-16	6
1883	121	3699	2022-06-16	1
1884	155	1743	2022-06-16	7
1885	181	1215	2022-06-16	1
1886	210	486	2022-06-16	8
1887	226	1553	2022-06-16	8
1888	233	780	2022-06-16	6
1889	10	3669	2022-06-17	10
1890	30	2568	2022-06-17	10
1891	69	4359	2022-06-17	4
1892	81	4332	2022-06-17	4
1893	94	4074	2022-06-17	4
1894	111	3767	2022-06-17	1
1895	218	1532	2022-06-17	9
1896	9	2673	2022-06-18	8
1897	11	2755	2022-06-18	6
1898	59	4039	2022-06-18	10
1899	86	3455	2022-06-18	7
1900	202	889	2022-06-18	6
1901	232	179	2022-06-18	4
1902	16	3167	2022-06-19	9
1903	38	3536	2022-06-19	5
1904	59	3049	2022-06-19	2
1905	81	3897	2022-06-19	8
1906	129	1904	2022-06-19	6
1907	153	1398	2022-06-19	1
1908	184	1433	2022-06-19	2
1909	195	673	2022-06-19	2
1910	202	1520	2022-06-19	6
1911	225	1798	2022-06-19	9
1912	228	198	2022-06-19	8
1913	229	1278	2022-06-19	2
1914	229	1952	2022-06-19	2
1915	231	684	2022-06-19	1
1916	28	2552	2022-06-20	4
1917	130	1185	2022-06-20	2
1918	145	350	2022-06-20	7
1919	213	1962	2022-06-20	10
1920	214	263	2022-06-20	5
1921	6	3844	2022-06-21	9
1922	22	3618	2022-06-21	6
1923	38	2477	2022-06-21	7
1924	45	4049	2022-06-21	10
1925	91	2277	2022-06-21	8
1926	95	3971	2022-06-21	7
1927	213	2113	2022-06-21	1
1928	22	4164	2022-06-22	9
1929	32	3649	2022-06-22	5
1930	35	2617	2022-06-22	6
1931	42	3393	2022-06-22	7
1932	49	3086	2022-06-22	2
1933	90	2565	2022-06-22	10
1934	96	2658	2022-06-22	9
1935	96	3190	2022-06-22	10
1936	106	3213	2022-06-22	9
1937	155	1161	2022-06-22	9
1938	163	1913	2022-06-22	8
1939	185	877	2022-06-22	3
1940	192	131	2022-06-22	8
1941	214	1768	2022-06-22	9
1942	15	2190	2022-06-23	4
1943	72	3493	2022-06-23	1
1944	91	2883	2022-06-23	3
1945	189	1904	2022-06-23	8
1946	11	3057	2022-06-24	2
1947	19	2906	2022-06-24	7
1948	37	3913	2022-06-24	5
1949	141	1817	2022-06-24	7
1950	154	806	2022-06-24	10
1951	168	1756	2022-06-24	10
1952	169	404	2022-06-24	9
1953	193	165	2022-06-24	1
1954	194	932	2022-06-24	1
1955	216	837	2022-06-24	9
1956	66	3419	2022-06-25	9
1957	161	1102	2022-06-25	10
1958	176	1458	2022-06-25	10
1959	1	2456	2022-06-26	9
1960	82	2730	2022-06-26	10
1961	83	3859	2022-06-26	9
1962	87	2692	2022-06-26	6
1963	105	3303	2022-06-26	9
1964	121	4119	2022-06-26	3
1965	136	2037	2022-06-26	9
1966	158	1873	2022-06-26	1
1967	172	1728	2022-06-26	8
1968	175	1441	2022-06-26	6
1969	195	91	2022-06-26	10
1970	9	2794	2022-06-27	3
1971	33	2334	2022-06-27	9
1972	34	3573	2022-06-27	5
1973	79	4088	2022-06-27	8
1974	79	4156	2022-06-27	8
1975	122	3200	2022-06-27	10
1976	168	226	2022-06-27	7
1977	172	762	2022-06-27	4
1978	176	313	2022-06-27	3
1979	197	635	2022-06-27	3
1980	204	1473	2022-06-27	7
1981	224	62	2022-06-27	8
1982	233	1128	2022-06-27	3
1983	65	2823	2022-06-28	5
1984	96	2856	2022-06-28	6
1985	100	3723	2022-06-28	7
1986	140	1101	2022-06-28	10
1987	148	52	2022-06-28	8
1988	165	1689	2022-06-28	4
1989	166	1163	2022-06-28	4
1990	226	1921	2022-06-28	1
1991	5	2967	2022-06-29	5
1992	17	3403	2022-06-29	10
1993	39	2663	2022-06-29	9
1994	48	3339	2022-06-29	6
1995	78	2419	2022-06-29	10
1996	99	2553	2022-06-29	10
1997	124	3596	2022-06-29	10
1998	142	852	2022-06-29	6
1999	178	274	2022-06-29	1
2000	11	3910	2022-06-30	7
2001	21	2545	2022-06-30	2
2002	25	3853	2022-06-30	10
2003	49	2387	2022-06-30	1
2004	50	3737	2022-06-30	10
2005	92	2542	2022-06-30	1
2006	101	3324	2022-06-30	3
2007	177	727	2022-06-30	4
2008	20	4318	2022-07-01	1
2009	66	4152	2022-07-01	5
2010	73	3544	2022-07-01	9
2011	81	3411	2022-07-01	7
2012	89	2884	2022-07-01	7
2013	98	3994	2022-07-01	1
2014	112	3066	2022-07-01	1
2015	113	3419	2022-07-01	7
2016	123	4167	2022-07-01	8
2017	129	1041	2022-07-01	6
2018	144	1781	2022-07-01	5
2019	161	810	2022-07-01	10
2020	166	1466	2022-07-01	8
2021	204	866	2022-07-01	4
2022	210	459	2022-07-01	10
2023	223	130	2022-07-01	3
2024	2	3895	2022-07-02	1
2025	18	2490	2022-07-02	1
2026	36	2220	2022-07-02	8
2027	52	2455	2022-07-02	6
2028	67	2191	2022-07-02	9
2029	112	4104	2022-07-02	5
2030	151	28	2022-07-02	9
2031	192	294	2022-07-02	1
2032	201	48	2022-07-02	6
2033	49	3416	2022-07-03	7
2034	52	2697	2022-07-03	1
2035	59	3969	2022-07-03	10
2036	69	2978	2022-07-03	3
2037	106	2855	2022-07-03	2
2038	114	2969	2022-07-03	1
2039	180	1005	2022-07-03	2
2040	198	1697	2022-07-03	8
2041	199	2011	2022-07-03	10
2042	209	2011	2022-07-03	9
2043	212	2057	2022-07-03	8
2044	226	1789	2022-07-03	2
2045	5	2362	2022-07-04	8
2046	16	4096	2022-07-04	2
2047	32	4127	2022-07-04	10
2048	55	4114	2022-07-04	1
2049	58	3327	2022-07-04	10
2050	64	2777	2022-07-04	9
2051	79	3455	2022-07-04	1
2052	105	2436	2022-07-04	5
2053	117	3507	2022-07-04	7
2054	120	2633	2022-07-04	6
2055	154	508	2022-07-04	10
2056	162	725	2022-07-04	10
2057	166	101	2022-07-04	6
2058	175	717	2022-07-04	1
2059	230	940	2022-07-04	5
2060	12	3105	2022-07-05	9
2061	22	2903	2022-07-05	5
2062	22	2640	2022-07-05	3
2063	51	4090	2022-07-05	4
2064	59	2236	2022-07-05	7
2065	71	4182	2022-07-05	6
2066	73	3011	2022-07-05	2
2067	90	2461	2022-07-05	2
2068	102	3502	2022-07-05	10
2069	104	2890	2022-07-05	6
2070	111	3044	2022-07-05	8
2071	185	101	2022-07-05	5
2072	201	1336	2022-07-05	3
2073	221	1775	2022-07-05	9
2074	3	3767	2022-07-06	5
2075	33	2683	2022-07-06	1
2076	45	4135	2022-07-06	2
2077	48	2879	2022-07-06	7
2078	57	3658	2022-07-06	7
2079	98	3721	2022-07-06	8
2080	118	3932	2022-07-06	7
2081	193	412	2022-07-06	4
2082	208	903	2022-07-06	3
2083	17	3881	2022-07-07	4
2084	32	2660	2022-07-07	1
2085	58	3247	2022-07-07	7
2086	67	2778	2022-07-07	4
2087	86	2530	2022-07-07	2
2088	111	3867	2022-07-07	8
2089	115	2210	2022-07-07	10
2090	118	2859	2022-07-07	2
2091	143	1507	2022-07-07	10
2092	151	390	2022-07-07	7
2093	160	350	2022-07-07	9
2094	184	11	2022-07-07	10
2095	207	1582	2022-07-07	5
2096	208	1455	2022-07-07	9
2097	210	957	2022-07-07	1
2098	223	1758	2022-07-07	10
2099	233	702	2022-07-07	10
2100	13	3349	2022-07-08	5
2101	17	3845	2022-07-08	8
2102	27	2466	2022-07-08	1
2103	29	3988	2022-07-08	7
2104	53	3789	2022-07-08	5
2105	57	2395	2022-07-08	10
2106	79	3847	2022-07-08	5
2107	84	3665	2022-07-08	3
2108	143	1505	2022-07-08	9
2109	144	1046	2022-07-08	5
2110	149	2012	2022-07-08	5
2111	221	514	2022-07-08	5
2112	233	563	2022-07-08	8
2113	10	2668	2022-07-09	10
2114	27	3847	2022-07-09	9
2115	86	4323	2022-07-09	9
2116	87	3958	2022-07-09	8
2117	90	3760	2022-07-09	9
2118	102	3837	2022-07-09	1
2119	113	2411	2022-07-09	3
2120	133	1796	2022-07-09	9
2121	158	127	2022-07-09	1
2122	185	1483	2022-07-09	1
2123	188	986	2022-07-09	7
2124	212	793	2022-07-09	3
2125	218	1374	2022-07-09	3
2126	15	2853	2022-07-10	7
2127	31	3383	2022-07-10	10
2128	104	2502	2022-07-10	1
2129	112	3788	2022-07-10	1
2130	116	3945	2022-07-10	5
2131	116	3937	2022-07-10	7
2132	131	1105	2022-07-10	5
2133	157	868	2022-07-10	7
2134	157	404	2022-07-10	4
2135	176	2134	2022-07-10	4
2136	221	1634	2022-07-10	5
2137	1	3828	2022-07-11	3
2138	5	3016	2022-07-11	5
2139	77	3530	2022-07-11	6
2140	93	2505	2022-07-11	7
2141	174	1266	2022-07-11	4
2142	58	3128	2022-07-12	1
2143	100	3925	2022-07-12	1
2144	103	2296	2022-07-12	4
2145	117	4294	2022-07-12	7
2146	135	1461	2022-07-12	3
2147	169	1939	2022-07-12	3
2148	170	1090	2022-07-12	8
2149	176	565	2022-07-12	7
2150	196	845	2022-07-12	3
2151	41	2957	2022-07-13	4
2152	42	3132	2022-07-13	9
2153	54	2571	2022-07-13	6
2154	61	2254	2022-07-13	5
2155	62	2833	2022-07-13	5
2156	87	2853	2022-07-13	3
2157	104	4132	2022-07-13	10
2158	124	2514	2022-07-13	7
2159	146	399	2022-07-13	7
2160	152	1929	2022-07-13	7
2161	160	243	2022-07-13	10
2162	198	127	2022-07-13	10
2163	201	278	2022-07-13	3
2164	216	490	2022-07-13	8
2165	232	305	2022-07-13	10
2166	8	4075	2022-07-14	5
2167	49	3193	2022-07-14	6
2168	56	4217	2022-07-14	8
2169	129	1521	2022-07-14	10
2170	231	893	2022-07-14	8
2171	42	2598	2022-07-15	9
2172	80	4332	2022-07-15	6
2173	93	3137	2022-07-15	10
2174	105	3226	2022-07-15	3
2175	129	1302	2022-07-15	3
2176	145	582	2022-07-15	7
2177	174	1043	2022-07-15	4
2178	198	1988	2022-07-15	7
2179	206	227	2022-07-15	5
2180	70	4247	2022-07-16	1
2181	83	2554	2022-07-16	7
2182	88	4029	2022-07-16	8
2183	97	2870	2022-07-16	6
2184	108	3384	2022-07-16	10
2185	119	4349	2022-07-16	3
2186	119	3979	2022-07-16	6
2187	133	324	2022-07-16	2
2188	169	1539	2022-07-16	6
2189	201	915	2022-07-16	9
2190	217	1069	2022-07-16	10
2191	221	2100	2022-07-16	2
2192	58	4008	2022-07-17	4
2193	78	2572	2022-07-17	5
2194	106	3187	2022-07-17	4
2195	119	2889	2022-07-17	10
2196	121	3029	2022-07-17	2
2197	143	1476	2022-07-17	9
2198	182	1122	2022-07-17	9
2199	182	1647	2022-07-17	5
2200	72	4319	2022-07-18	7
2201	150	1928	2022-07-18	2
2202	155	2154	2022-07-18	7
2203	166	477	2022-07-18	7
2204	209	898	2022-07-18	3
2205	227	1972	2022-07-18	2
2206	36	4021	2022-07-19	8
2207	38	3487	2022-07-19	3
2208	83	2768	2022-07-19	8
2209	103	2504	2022-07-19	6
2210	126	369	2022-07-19	2
2211	187	1903	2022-07-19	3
2212	2	3349	2022-07-20	4
2213	44	4166	2022-07-20	4
2214	48	3987	2022-07-20	10
2215	64	3740	2022-07-20	2
2216	87	2266	2022-07-20	5
2217	100	3877	2022-07-20	6
2218	106	2566	2022-07-20	8
2219	113	3340	2022-07-20	1
2220	136	778	2022-07-20	8
2221	154	1219	2022-07-20	2
2222	214	409	2022-07-20	7
2223	27	3216	2022-07-21	8
2224	50	2430	2022-07-21	5
2225	66	2679	2022-07-21	8
2226	137	2153	2022-07-21	10
2227	222	2112	2022-07-21	4
2228	3	3920	2022-07-22	6
2229	19	4238	2022-07-22	9
2230	51	4318	2022-07-22	10
2231	78	2724	2022-07-22	7
2232	86	3758	2022-07-22	7
2233	109	3330	2022-07-22	6
2234	123	2463	2022-07-22	4
2235	176	1194	2022-07-22	10
2236	180	1614	2022-07-22	1
2237	183	1260	2022-07-22	3
2238	7	3179	2022-07-23	2
2239	30	2792	2022-07-23	9
2240	32	2618	2022-07-23	8
2241	37	4174	2022-07-23	2
2242	42	2755	2022-07-23	10
2243	72	3228	2022-07-23	2
2244	73	3895	2022-07-23	7
2245	87	4105	2022-07-23	2
2246	100	3309	2022-07-23	1
2247	113	2541	2022-07-23	6
2248	121	3974	2022-07-23	4
2249	128	638	2022-07-23	7
2250	129	377	2022-07-23	8
2251	148	1806	2022-07-23	4
2252	173	1894	2022-07-23	5
2253	178	1718	2022-07-23	6
2254	192	26	2022-07-23	7
2255	219	1683	2022-07-23	6
2256	230	167	2022-07-23	1
2257	231	1187	2022-07-23	5
2258	8	4299	2022-07-24	3
2259	17	2440	2022-07-24	2
2260	23	2957	2022-07-24	4
2261	78	2616	2022-07-24	6
2262	106	3632	2022-07-24	6
2263	112	3592	2022-07-24	10
2264	164	357	2022-07-24	1
2265	178	744	2022-07-24	10
2266	181	727	2022-07-24	4
2267	219	7	2022-07-24	5
2268	233	143	2022-07-24	4
2269	37	4183	2022-07-25	10
2270	42	4139	2022-07-25	1
2271	70	2884	2022-07-25	8
2272	121	3065	2022-07-25	5
2273	138	1476	2022-07-25	3
2274	138	1023	2022-07-25	5
2275	146	185	2022-07-25	8
2276	148	1757	2022-07-25	3
2277	168	681	2022-07-25	10
2278	180	1627	2022-07-25	1
2279	214	1797	2022-07-25	2
2280	217	274	2022-07-25	6
2281	5	2585	2022-07-26	6
2282	19	4208	2022-07-26	8
2283	35	4214	2022-07-26	10
2284	50	4390	2022-07-26	3
2285	54	3273	2022-07-26	5
2286	55	3226	2022-07-26	10
2287	58	3688	2022-07-26	1
2288	80	4337	2022-07-26	4
2289	116	3856	2022-07-26	3
2290	126	2047	2022-07-26	10
2291	139	1751	2022-07-26	2
2292	144	1686	2022-07-26	8
2293	151	967	2022-07-26	1
2294	185	1873	2022-07-26	4
2295	187	1047	2022-07-26	3
2296	190	337	2022-07-26	8
2297	220	120	2022-07-26	3
2298	1	2872	2022-07-27	7
2299	5	2822	2022-07-27	1
2300	97	4186	2022-07-27	9
2301	123	2887	2022-07-27	7
2302	128	1682	2022-07-27	3
2303	134	382	2022-07-27	3
2304	197	361	2022-07-27	4
2305	229	1893	2022-07-27	6
2306	231	1567	2022-07-27	5
2307	8	3013	2022-07-28	3
2308	44	3683	2022-07-28	4
2309	84	2204	2022-07-28	10
2310	94	4007	2022-07-28	3
2311	110	2902	2022-07-28	5
2312	126	1652	2022-07-28	5
2313	1	2909	2022-07-29	7
2314	12	3824	2022-07-29	3
2315	19	3005	2022-07-29	9
2316	58	4105	2022-07-29	6
2317	65	3549	2022-07-29	7
2318	99	2711	2022-07-29	8
2319	107	2631	2022-07-29	3
2320	110	3240	2022-07-29	8
2321	135	1538	2022-07-29	6
2322	156	947	2022-07-29	4
2323	210	1662	2022-07-29	8
2324	33	2990	2022-07-30	3
2325	50	2497	2022-07-30	7
2326	71	2971	2022-07-30	6
2327	73	2478	2022-07-30	10
2328	76	2804	2022-07-30	6
2329	78	4236	2022-07-30	9
2330	86	2208	2022-07-30	10
2331	152	176	2022-07-30	3
2332	154	203	2022-07-30	10
2333	171	361	2022-07-30	3
2334	180	1288	2022-07-30	4
2335	10	3127	2022-07-31	2
2336	33	3537	2022-07-31	1
2337	41	2615	2022-07-31	6
2338	42	2978	2022-07-31	6
2339	75	2528	2022-07-31	6
2340	156	1224	2022-07-31	8
2341	176	2038	2022-07-31	3
2342	201	419	2022-07-31	4
2343	230	2073	2022-07-31	4
2344	80	2305	2022-08-01	5
2345	86	2307	2022-08-01	8
2346	86	2169	2022-08-01	2
2347	99	2879	2022-08-01	5
2348	104	2402	2022-08-01	8
2349	123	3883	2022-08-01	7
2350	132	1107	2022-08-01	2
2351	159	1649	2022-08-01	7
2352	184	887	2022-08-01	10
2353	202	1841	2022-08-01	8
2354	220	1318	2022-08-01	6
2355	1	2329	2022-08-02	2
2356	71	2595	2022-08-02	4
2357	91	3381	2022-08-02	6
2358	106	4216	2022-08-02	3
2359	106	2600	2022-08-02	10
2360	181	1714	2022-08-02	10
2361	206	1160	2022-08-02	3
2362	11	3443	2022-08-03	2
2363	14	3495	2022-08-03	8
2364	20	4274	2022-08-03	4
2365	29	3383	2022-08-03	3
2366	48	2951	2022-08-03	1
2367	56	3042	2022-08-03	7
2368	142	1351	2022-08-03	6
2369	144	944	2022-08-03	5
2370	192	257	2022-08-03	4
2371	194	1187	2022-08-03	8
2372	195	2008	2022-08-03	10
2373	195	580	2022-08-03	8
2374	219	112	2022-08-03	7
2375	220	12	2022-08-03	8
2376	222	409	2022-08-03	1
2377	230	1252	2022-08-03	8
2378	1	3188	2022-08-04	5
2379	24	4145	2022-08-04	4
2380	39	3149	2022-08-04	10
2381	79	3927	2022-08-04	4
2382	89	3212	2022-08-04	7
2383	139	1765	2022-08-04	7
2384	155	23	2022-08-04	7
2385	68	3128	2022-08-05	1
2386	73	4207	2022-08-05	5
2387	82	3136	2022-08-05	7
2388	83	2582	2022-08-05	9
2389	132	161	2022-08-05	6
2390	158	300	2022-08-05	1
2391	174	1232	2022-08-05	5
2392	195	1566	2022-08-05	5
2393	216	412	2022-08-05	3
2394	11	3744	2022-08-06	4
2395	41	3342	2022-08-06	2
2396	46	3277	2022-08-06	6
2397	104	2843	2022-08-06	5
2398	106	3711	2022-08-06	4
2399	107	2226	2022-08-06	7
2400	121	2761	2022-08-06	3
2401	203	1479	2022-08-06	2
2402	204	1440	2022-08-06	5
2403	210	1654	2022-08-06	10
2404	233	949	2022-08-06	5
2405	11	3512	2022-08-07	6
2406	41	4168	2022-08-07	8
2407	84	3794	2022-08-07	8
2408	107	4054	2022-08-07	3
2409	140	1658	2022-08-07	6
2410	145	2086	2022-08-07	8
2411	163	1647	2022-08-07	3
2412	189	1700	2022-08-07	3
2413	213	827	2022-08-07	10
2414	5	4245	2022-08-08	1
2415	59	4054	2022-08-08	6
2416	101	3476	2022-08-08	9
2417	118	3188	2022-08-08	5
2418	184	648	2022-08-08	10
2419	1	3509	2022-08-09	2
2420	2	4359	2022-08-09	1
2421	2	3828	2022-08-09	6
2422	7	2181	2022-08-09	4
2423	40	3699	2022-08-09	9
2424	44	4066	2022-08-09	7
2425	53	2340	2022-08-09	6
2426	68	3856	2022-08-09	6
2427	69	3900	2022-08-09	1
2428	92	2262	2022-08-09	3
2429	107	2268	2022-08-09	1
2430	119	4330	2022-08-09	10
2431	200	519	2022-08-09	5
2432	202	155	2022-08-09	3
2433	1	3321	2022-08-10	9
2434	16	3850	2022-08-10	7
2435	18	4131	2022-08-10	1
2436	119	3483	2022-08-10	10
2437	11	3738	2022-08-11	5
2438	21	3169	2022-08-11	6
2439	26	3575	2022-08-11	3
2440	50	3664	2022-08-11	5
2441	64	4174	2022-08-11	9
2442	65	3589	2022-08-11	2
2443	74	3234	2022-08-11	4
2444	85	2552	2022-08-11	8
2445	91	3564	2022-08-11	1
2446	108	3779	2022-08-11	4
2447	121	3170	2022-08-11	2
2448	129	1388	2022-08-11	9
2449	130	1390	2022-08-11	8
2450	150	1254	2022-08-11	3
2451	203	1524	2022-08-11	7
2452	59	3061	2022-08-12	9
2453	60	4328	2022-08-12	6
2454	62	4061	2022-08-12	7
2455	65	3638	2022-08-12	2
2456	97	2283	2022-08-12	4
2457	106	3357	2022-08-12	2
2458	113	4117	2022-08-12	5
2459	160	1550	2022-08-12	10
2460	188	2019	2022-08-12	1
2461	19	3034	2022-08-13	2
2462	102	2329	2022-08-13	3
2463	102	3348	2022-08-13	10
2464	117	3363	2022-08-13	5
2465	140	2111	2022-08-13	3
2466	164	1206	2022-08-13	2
2467	165	1706	2022-08-13	10
2468	165	518	2022-08-13	8
2469	199	1253	2022-08-13	1
2470	212	1907	2022-08-13	1
2471	25	3631	2022-08-14	2
2472	31	2915	2022-08-14	3
2473	31	4135	2022-08-14	8
2474	33	3331	2022-08-14	1
2475	85	3618	2022-08-14	10
2476	86	3379	2022-08-14	1
2477	99	3060	2022-08-14	7
2478	111	4057	2022-08-14	1
2479	161	2037	2022-08-14	2
2480	208	861	2022-08-14	7
2481	31	2365	2022-08-15	10
2482	45	4064	2022-08-15	5
2483	51	2355	2022-08-15	1
2484	51	2911	2022-08-15	4
2485	51	3894	2022-08-15	2
2486	71	3147	2022-08-15	1
2487	96	3298	2022-08-15	2
2488	100	4184	2022-08-15	1
2489	148	1194	2022-08-15	7
2490	156	1431	2022-08-15	3
2491	166	1156	2022-08-15	10
2492	221	1448	2022-08-15	8
2493	2	2641	2022-08-16	1
2494	17	4289	2022-08-16	10
2495	17	4065	2022-08-16	6
2496	27	3536	2022-08-16	6
2497	37	2616	2022-08-16	10
2498	38	2953	2022-08-16	6
2499	50	2608	2022-08-16	7
2500	55	3832	2022-08-16	9
2501	68	2976	2022-08-16	5
2502	83	2884	2022-08-16	6
2503	86	3375	2022-08-16	5
2504	86	4314	2022-08-16	9
2505	91	3753	2022-08-16	9
2506	115	3397	2022-08-16	4
2507	182	1835	2022-08-16	4
2508	3	2488	2022-08-17	4
2509	36	3875	2022-08-17	5
2510	41	3385	2022-08-17	7
2511	58	2224	2022-08-17	5
2512	67	3179	2022-08-17	6
2513	83	4019	2022-08-17	1
2514	90	2159	2022-08-17	10
2515	117	3385	2022-08-17	7
2516	121	4180	2022-08-17	9
2517	139	163	2022-08-17	4
2518	215	1039	2022-08-17	2
2519	43	4043	2022-08-18	4
2520	133	1428	2022-08-18	7
2521	147	569	2022-08-18	2
2522	161	679	2022-08-18	7
2523	186	223	2022-08-18	8
2524	213	739	2022-08-18	9
2525	213	40	2022-08-18	4
2526	8	3782	2022-08-19	7
2527	9	2765	2022-08-19	7
2528	21	2396	2022-08-19	7
2529	22	4024	2022-08-19	10
2530	48	3066	2022-08-19	8
2531	57	2933	2022-08-19	7
2532	68	4369	2022-08-19	9
2533	94	3730	2022-08-19	7
2534	132	1602	2022-08-19	3
2535	135	1049	2022-08-19	8
2536	168	1628	2022-08-19	9
2537	170	671	2022-08-19	5
2538	219	1696	2022-08-19	1
2539	6	4110	2022-08-20	7
2540	45	3845	2022-08-20	2
2541	64	3792	2022-08-20	10
2542	71	3208	2022-08-20	4
2543	98	3159	2022-08-20	3
2544	108	3383	2022-08-20	5
2545	116	2761	2022-08-20	2
2546	144	480	2022-08-20	4
2547	147	1545	2022-08-20	1
2548	193	1273	2022-08-20	6
2549	197	1001	2022-08-20	7
2550	232	1006	2022-08-20	5
2551	34	3453	2022-08-21	5
2552	36	3679	2022-08-21	6
2553	36	4059	2022-08-21	9
2554	66	2415	2022-08-21	5
2555	72	2699	2022-08-21	10
2556	82	2563	2022-08-21	3
2557	118	2764	2022-08-21	10
2558	132	1681	2022-08-21	9
2559	140	1224	2022-08-21	9
2560	152	1119	2022-08-21	3
2561	179	675	2022-08-21	10
2562	190	358	2022-08-21	6
2563	194	987	2022-08-21	10
2564	200	1914	2022-08-21	5
2565	215	1827	2022-08-21	1
2566	4	2663	2022-08-22	2
2567	6	2831	2022-08-22	1
2568	35	3371	2022-08-22	3
2569	45	3420	2022-08-22	2
2570	76	2599	2022-08-22	1
2571	125	1310	2022-08-22	3
2572	125	1651	2022-08-22	10
2573	131	1702	2022-08-22	2
2574	151	971	2022-08-22	2
2575	161	1296	2022-08-22	10
2576	208	729	2022-08-22	5
2577	8	4067	2022-08-23	6
2578	25	3849	2022-08-23	8
2579	56	2419	2022-08-23	8
2580	109	4004	2022-08-23	8
2581	135	846	2022-08-23	2
2582	176	586	2022-08-23	5
2583	214	889	2022-08-23	8
2584	220	1996	2022-08-23	6
2585	6	2536	2022-08-24	7
2586	30	4290	2022-08-24	3
2587	34	4248	2022-08-24	4
2588	44	3570	2022-08-24	5
2589	91	3313	2022-08-24	7
2590	94	3235	2022-08-24	5
2591	115	4124	2022-08-24	2
2592	117	4141	2022-08-24	7
2593	118	2467	2022-08-24	7
2594	132	1790	2022-08-24	8
2595	139	1523	2022-08-24	5
2596	163	110	2022-08-24	9
2597	176	61	2022-08-24	2
2598	196	532	2022-08-24	5
2599	197	21	2022-08-24	3
2600	226	698	2022-08-24	3
2601	13	3479	2022-08-25	2
2602	69	3197	2022-08-25	7
2603	73	3655	2022-08-25	10
2604	73	2472	2022-08-25	10
2605	95	3785	2022-08-25	2
2606	110	2885	2022-08-25	1
2607	132	1449	2022-08-25	5
2608	137	425	2022-08-25	6
2609	157	705	2022-08-25	3
2610	157	2152	2022-08-25	3
2611	168	404	2022-08-25	2
2612	222	499	2022-08-25	2
2613	232	1847	2022-08-25	8
2614	24	3076	2022-08-26	2
2615	58	3119	2022-08-26	9
2616	86	2250	2022-08-26	7
2617	125	494	2022-08-26	9
2618	138	1234	2022-08-26	2
2619	159	1200	2022-08-26	3
2620	172	1992	2022-08-26	4
2621	181	1370	2022-08-26	5
2622	23	2416	2022-08-27	3
2623	34	3801	2022-08-27	3
2624	68	3478	2022-08-27	5
2625	125	187	2022-08-27	10
2626	154	1747	2022-08-27	5
2627	191	911	2022-08-27	9
2628	225	2049	2022-08-27	3
2629	6	3031	2022-08-28	8
2630	9	2975	2022-08-28	10
2631	33	2702	2022-08-28	1
2632	40	3995	2022-08-28	7
2633	68	2936	2022-08-28	1
2634	97	4188	2022-08-28	2
2635	102	4118	2022-08-28	7
2636	108	2706	2022-08-28	3
2637	119	3676	2022-08-28	8
2638	161	2047	2022-08-28	3
2639	213	977	2022-08-28	10
2640	219	1436	2022-08-28	9
2641	54	3663	2022-08-29	1
2642	61	3922	2022-08-29	4
2643	119	2502	2022-08-29	8
2644	198	455	2022-08-29	8
2645	213	1669	2022-08-29	3
2646	220	726	2022-08-29	10
2647	233	774	2022-08-29	3