w_day	w_temperature	w_humidity	w_state
2022-01-01	-10	29	1
2022-01-02	4	41	1
2022-01-03	-5	18	1
2022-01-04	-3	59	2
2022-01-05	-5	50	2
2022-01-06	0	37	1
2022-01-07	1	29	1
2022-01-08	-8	58	2
2022-01-09	-3	33	1
2022-01-10	5	58	2
2022-01-11	-8	19	1
2022-01-12	1	23	1
2022-01-13	2	66	2
2022-01-14	0	100	4
2022-01-15	-3	40	1
2022-01-16	3	81	3
2022-01-17	1	10	1
2022-01-18	5	47	1
2022-01-19	-7	26	1
2022-01-20	-4	100	4
2022-01-21	5	44	1
2022-01-22	-9	65	2
2022-01-23	5	94	3
2022-01-24	-8	92	4
2022-01-25	-4	46	1
2022-01-26	5	88	3
2022-01-27	-5	45	1
2022-01-28	4	31	1
2022-01-29	-8	23	1
2022-01-30	-7	17	1
2022-01-31	5	56	2
2022-02-01	-10	92	4
2022-02-02	-9	72	2
2022-02-03	0	73	2
2022-02-04	-1	89	4
2022-02-05	-10	74	2
2022-02-06	-5	66	2
2022-02-07	1	95	4
2022-02-08	-7	53	2
2022-02-09	-1	42	1
2022-02-10	-7	98	4
2022-02-11	-6	41	1
2022-02-12	3	84	3
2022-02-13	-1	62	2
2022-02-14	-10	49	1
2022-02-15	4	100	3
2022-02-16	15	41	1
2022-02-17	14	97	3
2022-02-18	11	92	3
2022-02-19	13	10	1
2022-02-20	14	40	1
2022-02-21	14	65	2
2022-02-22	14	52	2
2022-02-23	12	58	2
2022-02-24	13	87	3
2022-02-25	11	20	1
2022-02-26	12	63	2
2022-02-27	12	63	2
2022-02-28	15	48	1
2022-03-01	13	62	2
2022-03-02	14	64	2
2022-03-03	15	86	3
2022-03-04	15	18	1
2022-03-05	11	98	3
2022-03-06	22	67	2
2022-03-07	18	78	2
2022-03-08	21	68	2
2022-03-09	22	39	1
2022-03-10	16	60	2
2022-03-11	17	47	1
2022-03-12	17	37	1
2022-03-13	19	49	1
2022-03-14	19	56	2
2022-03-15	22	23	1
2022-03-16	18	19	1
2022-03-17	19	19	1
2022-03-18	17	37	1
2022-03-19	19	57	2
2022-03-20	19	86	3
2022-03-21	21	16	1
2022-03-22	16	77	2
2022-03-23	19	37	1
2022-03-24	17	90	3
2022-03-25	20	21	1
2022-03-26	18	30	1
2022-03-27	22	65	2
2022-03-28	20	74	2
2022-03-29	18	40	1
2022-03-30	20	86	3
2022-03-31	16	95	3
2022-04-01	21	20	1
2022-04-02	23	13	1
2022-04-03	16	50	2
2022-04-04	23	85	3
2022-04-05	18	53	2
2022-04-06	15	42	1
2022-04-07	20	90	3
2022-04-08	17	76	2
2022-04-09	24	29	1
2022-04-10	25	91	3
2022-04-11	21	95	3
2022-04-12	19	61	2
2022-04-13	18	79	2
2022-04-14	18	98	3
2022-04-15	24	86	3
2022-04-16	21	62	2
2022-04-17	21	75	2
2022-04-18	15	76	2
2022-04-19	16	90	3
2022-04-20	15	60	2
2022-04-21	20	27	1
2022-04-22	15	88	3
2022-04-23	21	64	2
2022-04-24	22	38	1
2022-04-25	20	46	1
2022-04-26	18	23	1
2022-04-27	22	92	3
2022-04-28	21	33	1
2022-04-29	17	64	2
2022-04-30	17	41	1
2022-05-01	21	70	2
2022-05-02	17	66	2
2022-05-03	16	39	1
2022-05-04	15	69	2
2022-05-05	23	73	2
2022-05-06	25	94	3
2022-05-07	18	26	1
2022-05-08	18	25	1
2022-05-09	20	72	2
2022-05-10	16	94	3
2022-05-11	25	19	1
2022-05-12	20	81	3
2022-05-13	16	10	1
2022-05-14	24	37	1
2022-05-15	22	15	1
2022-05-16	22	96	3
2022-05-17	26	20	1
2022-05-18	21	77	2
2022-05-19	24	26	1
2022-05-20	18	46	1
2022-05-21	24	65	2
2022-05-22	18	44	1
2022-05-23	20	97	3
2022-05-24	18	72	2
2022-05-25	20	87	3
2022-05-26	22	33	1
2022-05-27	19	31	1
2022-05-28	18	50	2
2022-05-29	26	33	1
2022-05-30	21	36	1
2022-05-31	25	15	1
2022-06-01	26	69	2
2022-06-02	23	57	2
2022-06-03	19	68	2
2022-06-04	18	10	1
2022-06-05	19	79	2
2022-06-06	22	38	1
2022-06-07	24	20	1
2022-06-08	18	81	3
2022-06-09	25	50	2
2022-06-10	26	32	1
2022-06-11	23	87	3
2022-06-12	21	12	1
2022-06-13	21	54	2
2022-06-14	21	63	2
2022-06-15	22	15	1
2022-06-16	25	53	2
2022-06-17	20	80	3
2022-06-18	22	67	2
2022-06-19	23	27	1
2022-06-20	23	34	1
2022-06-21	25	37	1
2022-06-22	18	30	1
2022-06-23	19	69	2
2022-06-24	20	82	3
2022-06-25	23	26	1
2022-06-26	25	15	1
2022-06-27	25	34	1
2022-06-28	19	13	1
2022-06-29	25	18	1
2022-06-30	22	29	1
2022-07-01	21	68	2
2022-07-02	23	16	1
2022-07-03	19	76	2
2022-07-04	19	69	2
2022-07-05	20	63	2
2022-07-06	20	27	1
2022-07-07	22	64	2
2022-07-08	19	48	1
2022-07-09	25	66	2
2022-07-10	29	78	2
2022-07-11	29	77	2
2022-07-12	29	53	2
2022-07-13	27	87	3
2022-07-14	30	45	1
2022-07-15	28	90	3
2022-07-16	29	79	2
2022-07-17	25	97	3
2022-07-18	25	48	1
2022-07-19	30	92	3
2022-07-20	29	33	1
2022-07-21	27	35	1
2022-07-22	29	16	1
2022-07-23	30	14	1
2022-07-24	26	27	1
2022-07-25	30	25	1
2022-07-26	25	48	1
2022-07-27	29	86	3
2022-07-28	28	10	1
2022-07-29	25	32	1
2022-07-30	29	39	1
2022-07-31	30	98	3
2022-08-01	28	21	1
2022-08-02	27	95	3
2022-08-03	30	13	1
2022-08-04	28	55	2
2022-08-05	28	93	3
2022-08-06	25	35	1
2022-08-07	25	28	1
2022-08-08	28	36	1
2022-08-09	28	77	2
2022-08-10	27	95	3
2022-08-11	29	19	1
2022-08-12	26	15	1
2022-08-13	30	60	2
2022-08-14	29	47	1
2022-08-15	29	17	1
2022-08-16	26	62	2
2022-08-17	30	90	3
2022-08-18	28	26	1
2022-08-19	28	76	2
2022-08-20	26	43	1
2022-08-21	22	62	2
2022-08-22	24	42	1
2022-08-23	28	92	3
2022-08-24	25	97	3
2022-08-25	23	60	2
2022-08-26	22	30	1
2022-08-27	22	46	1
2022-08-28	25	97	3
2022-08-29	26	80	1
2022-08-30	27	22	2
2022-08-31	28	10	3